Security Wise Delivery Position - Compulsory Rolling Settlement
10,MTO,22022016,237763604,0001544
Trade Date <22-FEB-2016>,Settlement Type <N>,Settlement No <2016036>,Settlement Date <24-FEB-2016>
Record Type,Sr No,Name of Security,Quantity Traded,Deliverable Quantity(gross across client level),% of Deliverable Quantity to Traded Quantity
20,1,20MICRONS,EQ,50312,47348,94.11
20,2,3IINFOTECH,EQ,650841,368603,56.63
20,3,3MINDIA,EQ,233,171,73.39
20,4,8KMILES,EQ,21787,7444,34.17
20,5,A2ZINFRA,EQ,55527,41999,75.64
20,6,AARTIDRUGS,EQ,15107,11194,74.10
20,7,AARTIIND,EQ,15110,9688,64.12
20,8,AARVEEDEN,EQ,6691,3654,54.61
20,9,ABAN,EQ,1750781,233718,13.35
20,10,ABB,EQ,38046,10479,27.54
20,11,ABBOTINDIA,EQ,501,305,60.88
20,12,ABFRL,EQ,381470,246720,64.68
20,13,ABGSHIP,EQ,1000890,183653,18.35
20,14,ABIRLANUVO,EQ,215736,116026,53.78
20,15,ACC,EQ,122556,34278,27.97
20,16,ACCELYA,EQ,904,564,62.39
20,17,ACE,EQ,340968,177716,52.12
20,18,ACROPETAL,EQ,11429,9429,82.50
20,19,ADANIENT,EQ,2364637,617457,26.11
20,20,ADANIPORTS,EQ,2342159,779074,33.26
20,21,ADANIPOWER,EQ,3665325,840902,22.94
20,22,ADANITRANS,EQ,328968,189199,57.51
20,23,ADFFOODS,EQ,17428,12318,70.68
20,24,ADHUNIK,EQ,12799,6296,49.19
20,25,ADI,EQ,1095,488,44.57
20,26,ADLABS,EQ,34883,17261,49.48
20,27,ADORWELD,EQ,4540,2009,44.25
20,28,ADSL,EQ,91105,58841,64.59
20,29,ADVANIHOTR,EQ,1,1,100.00
20,30,ADVANTA,EQ,13992,11530,82.40
20,31,AEGISCHEM,EQ,37814,25056,66.26
20,32,AFL,EQ,8472,6291,74.26
20,33,AGARIND,EQ,6554,1274,19.44
20,34,AGCNET,EQ,3150,2292,72.76
20,35,AGRODUTCH,EQ,17367,13945,80.30
20,36,AHLEAST,EQ,129,129,100.00
20,37,AHLUCONT,EQ,16017,11348,70.85
20,38,AHLWEST,EQ,182,157,86.26
20,39,AIAENG,EQ,9214,5616,60.95
20,40,AIFL,EQ,10935,2263,20.70
20,41,AIL,EQ,10752,6727,62.57
20,42,AJANTPHARM,EQ,80429,14601,18.15
20,43,AJMERA,EQ,26006,13595,52.28
20,44,AKSHOPTFBR,EQ,338241,214013,63.27
20,45,AKZOINDIA,EQ,10433,6294,60.33
20,46,ALANKIT,EQ,556058,108022,19.43
20,47,ALBK,EQ,2107571,371152,17.61
20,48,ALCHEM,EQ,2727,1663,60.98
20,49,ALEMBICLTD,EQ,104281,63317,60.72
20,50,ALICON,EQ,953,635,66.63
20,51,ALKALI,EQ,2308,1735,75.17
20,52,ALKEM,EQ,71363,38926,54.55
20,53,ALKYLAMINE,EQ,6952,4067,58.50
20,54,ALLCARGO,EQ,70920,45776,64.55
20,55,ALLSEC,EQ,21903,9249,42.23
20,56,ALMONDZ,EQ,2160,1706,78.98
20,57,ALOKTEXT,EQ,1749342,999347,57.13
20,58,ALPHAGEO,EQ,33375,27088,81.16
20,59,ALPSINDUS,EQ,2907,2082,71.62
20,60,ALSTOMT&D,EQ,42497,37874,89.12
20,61,AMARAJABAT,EQ,303759,101872,33.54
20,62,AMBIKCO,EQ,1124,814,72.42
20,63,AMBUJACEM,EQ,1609745,1190633,73.96
20,64,AMDIND,EQ,11827,6922,58.53
20,65,AMRUTANJAN,EQ,6343,4457,70.27
20,66,AMTEKAUTO,EQ,659869,239369,36.28
20,67,AMTL,EQ,250,250,100.00
20,68,ANANDAMRUB,EQ,1843,683,37.06
20,69,ANANTRAJ,EQ,315213,206807,65.61
20,70,ANDHRABANK,EQ,1263924,222004,17.56
20,71,ANDHRACEMT,EQ,84596,67428,79.71
20,72,ANDHRSUGAR,EQ,4287,2918,68.07
20,73,ANGIND,EQ,15530,10243,65.96
20,74,ANKITMETAL,EQ,121449,100638,82.86
20,75,ANSALAPI,EQ,56521,41322,73.11
20,76,ANSALHSG,EQ,17929,15883,88.59
20,77,APARINDS,EQ,10841,7006,64.63
20,78,APCOTEXIND,EQ,2357,1368,58.04
20,79,APLAPOLLO,EQ,28703,26022,90.66
20,80,APLLTD,EQ,45059,28526,63.31
20,81,APOLLOHOSP,EQ,91313,50445,55.24
20,82,APOLLOTYRE,EQ,2573800,488837,18.99
20,83,APOLSINHOT,EQ,159,158,99.37
20,84,APTECHT,EQ,161950,63613,39.28
20,85,ARCHIDPLY,EQ,12578,7639,60.73
20,86,ARCHIES,EQ,33198,15611,47.02
20,87,ARCOTECH,EQ,315118,6027,1.91
20,88,ARIES,EQ,10543,5400,51.22
20,89,ARIHANT,EQ,14,13,92.86
20,90,AROGRANITE,EQ,1752,495,28.25
20,91,ARROWCOAT,EQ,1859,1090,58.63
20,92,ARROWTEX,EQ,25742,13046,50.68
20,93,ARSHIYA,EQ,78105,70516,90.28
20,94,ARSSINFRA,EQ,51632,27431,53.13
20,95,ARVIND,EQ,1220311,126934,10.40
20,96,ARVINFRA,EQ,129434,70062,54.13
20,97,ASAHIINDIA,EQ,5978,3611,60.40
20,98,ASAHISONG,EQ,3671,3096,84.34
20,99,ASAL,EQ,4,2,50.00
20,100,ASHAPURMIN,EQ,645832,237031,36.70
20,101,ASHIANA,EQ,24488,17804,72.71
20,102,ASHIMASYN,EQ,18493,10874,58.80
20,103,ASHOKA,EQ,26278,12468,47.45
20,104,ASHOKLEY,EQ,8514736,2782251,32.68
20,105,ASIANHOTNR,EQ,6117,1117,18.26
20,106,ASIANPAINT,EQ,609601,285325,46.81
20,107,ASIANTILES,EQ,22403,16944,75.63
20,108,ASSAMCO,EQ,640451,449037,70.11
20,109,ASTEC,EQ,19908,12726,63.92
20,110,ASTRAL,EQ,27338,17174,62.82
20,111,ASTRAMICRO,EQ,185996,52238,28.09
20,112,ASTRAZEN,EQ,2713,1896,69.89
20,113,ATFL,EQ,721,519,71.98
20,114,ATLANTA,EQ,7737,5822,75.25
20,115,ATLASCYCLE,EQ,5115,2213,43.26
20,116,ATUL,EQ,9087,3467,38.15
20,117,ATULAUTO,EQ,7868,3604,45.81
20,118,AURIONPRO,EQ,5146,2933,57.00
20,119,AUROPHARMA,EQ,2247171,833499,37.09
20,120,AUSOMENT,EQ,441,290,65.76
20,121,AUSTRAL,EQ,99368,77068,77.56
20,122,AUTOAXLES,EQ,9048,7667,84.74
20,123,AUTOIND,EQ,6854,4695,68.50
20,124,AUTOLITIND,EQ,4051,3463,85.49
20,125,AVANTIFEED,EQ,10058,7238,71.96
20,126,AVTNPL,EQ,14634,7866,53.75
20,127,AXISBANK,EQ,10284642,5574977,54.21
20,128,AXISCADES,EQ,51397,12428,24.18
20,129,AXISGOLD,EQ,138,70,50.72
20,130,AYMSYNTEX,EQ,9971,7155,71.76
20,131,BAFNAPHARM,EQ,40348,15403,38.18
20,132,BAGFILMS,EQ,28810,26209,90.97
20,133,BAJAJ-AUTO,EQ,199748,90005,45.06
20,134,BAJAJCORP,EQ,85862,78458,91.38
20,135,BAJAJELEC,EQ,52475,27829,53.03
20,136,BAJAJFINSV,EQ,52233,30687,58.75
20,137,BAJAJHIND,EQ,558327,225881,40.46
20,138,BAJAJHLDNG,EQ,1051,744,70.79
20,139,BAJFINANCE,EQ,52748,21452,40.67
20,140,BALAJITELE,EQ,129197,57877,44.80
20,141,BALAMINES,EQ,11421,7528,65.91
20,142,BALKRISIND,EQ,18261,11779,64.50
20,143,BALLARPUR,EQ,236637,166233,70.25
20,144,BALMLAWRIE,EQ,3519,2272,64.56
20,145,BALPHARMA,EQ,136610,45199,33.09
20,146,BALRAMCHIN,EQ,702419,304849,43.40
20,147,BANARBEADS,EQ,832,698,83.89
20,148,BANARISUG,EQ,35,28,80.00
20,149,BANCOINDIA,EQ,24431,12321,50.43
20,150,BANG,EQ,700,700,100.00
20,151,BANKBARODA,EQ,8496547,1477531,17.39
20,152,BANKBEES,EQ,1900,877,46.16
20,153,BANKINDIA,EQ,1901740,248575,13.07
20,154,BANSWRAS,EQ,7099,6735,94.87
20,155,BARTRONICS,EQ,33095,24936,75.35
20,156,BASF,EQ,7707,3356,43.54
20,157,BASML,EQ,621,597,96.14
20,158,BATAINDIA,EQ,410230,80299,19.57
20,159,BAYERCROP,EQ,2729,1655,60.64
20,160,BBL,EQ,44241,11429,25.83
20,161,BBTC,EQ,35196,22968,65.26
20,162,BEARDSELL,EQ,12,12,100.00
20,163,BEDMUTHA,EQ,7219,6517,90.28
20,164,BEL,EQ,245693,67139,27.33
20,165,BEML,EQ,594428,128208,21.57
20,166,BEPL,EQ,25568,16400,64.14
20,167,BERGEPAINT,EQ,62614,35643,56.92
20,168,BFINVEST,EQ,259180,27577,10.64
20,169,BFUTILITIE,EQ,3406590,181064,5.32
20,170,BGRENERGY,EQ,146480,32735,22.35
20,171,BHAGYNAGAR,EQ,802,742,92.52
20,172,BHARATFORG,EQ,582097,194149,33.35
20,173,BHARATGEAR,EQ,4232,2854,67.44
20,174,BHARATRAS,EQ,143,71,49.65
20,175,BHARTIARTL,EQ,3113993,2070057,66.48
20,176,BHEL,EQ,8219843,2681353,32.62
20,177,BHUSANSTL,EQ,91226,43848,48.07
20,178,BIL,EQ,12301,1347,10.95
20,179,BILENERGY,EQ,12074,10365,85.85
20,180,BINANIIND,EQ,11575,8708,75.23
20,181,BINDALAGRO,EQ,201168,95694,47.57
20,182,BIOCON,EQ,302855,66565,21.98
20,183,BIRLACORPN,EQ,2227,1314,59.00
20,184,BIRLACOT,EQ,324805,294942,90.81
20,185,BIRLAMONEY,EQ,36828,18037,48.98
20,186,BLBLIMITED,EQ,10255,10230,99.76
20,187,BLISSGVS,EQ,587325,229124,39.01
20,188,BLKASHYAP,EQ,123642,109469,88.54
20,189,BLUECOAST,EQ,15,15,100.00
20,190,BLUEDART,EQ,2933,2111,71.97
20,191,BLUESTARCO,EQ,4737,1684,35.55
20,192,BLUESTINFO,EQ,1678,790,47.08
20,193,BODALCHEM,EQ,110706,54559,49.28
20,194,BOMDYEING,EQ,536598,176565,32.90
20,195,BOSCHLTD,EQ,31902,16674,52.27
20,196,BPCL,EQ,1395702,645488,46.25
20,197,BPL,EQ,396579,102583,25.87
20,198,BRFL,EQ,5694,3460,60.77
20,199,BRIGADE,EQ,6586,5095,77.36
20,200,BRITANNIA,EQ,352002,263610,74.89
20,201,BROOKS,EQ,48043,17862,37.18
20,202,BSELINFRA,EQ,32285,22000,68.14
20,203,BSL,EQ,6696,3716,55.50
20,204,BSLGOLDETF,EQ,188,150,79.79
20,205,BSLIMITED,EQ,1115785,709161,63.56
20,206,BSLNIFTY,EQ,152,131,86.18
20,207,BSLRGES1RG,MF,33,33,100.00
20,208,BURNPUR,EQ,52098,42938,82.42
20,209,BUTTERFLY,EQ,11703,5393,46.08
20,210,BVCL,EQ,7251,6010,82.89
20,211,BYKE,EQ,112677,38026,33.75
20,212,CADILAHC,EQ,810910,358053,44.15
20,213,CAIRN,EQ,2180554,655758,30.07
20,214,CALSOFT,EQ,830,730,87.95
20,215,CAMLINFINE,EQ,70146,46946,66.93
20,216,CANBK,EQ,2899053,745385,25.71
20,217,CANDC,EQ,11259,7600,67.50
20,218,CANFINHOME,EQ,25868,11018,42.59
20,219,CANTABIL,EQ,5179,4516,87.20
20,220,CAPF,EQ,30299,17726,58.50
20,221,CAPLIPOINT,EQ,6332,3981,62.87
20,222,CARBORUNIV,EQ,1980,1432,72.32
20,223,CAREERP,EQ,351196,52425,14.93
20,224,CARERATING,EQ,18441,12341,66.92
20,225,CASTEXTECH,EQ,1400614,852024,60.83
20,226,CASTROLIND,EQ,230660,61105,26.49
20,227,CCCL,EQ,11990,10180,84.90
20,228,CCHHL,EQ,12193,9683,79.41
20,229,CCL,EQ,75571,51017,67.51
20,230,CEATLTD,EQ,321009,50922,15.86
20,231,CEBBCO,EQ,28191,17940,63.64
20,232,CELEBRITY,EQ,8749,3521,40.24
20,233,CELESTIAL,EQ,24905,16172,64.93
20,234,CENTENKA,EQ,20433,13960,68.32
20,235,CENTEXT,EQ,16216,13730,84.67
20,236,CENTRALBK,EQ,486300,205601,42.28
20,237,CENTUM,EQ,2087,1402,67.18
20,238,CENTURYPLY,EQ,59622,41709,69.96
20,239,CENTURYTEX,EQ,1091055,270149,24.76
20,240,CERA,EQ,3159,1891,59.86
20,241,CEREBRAINT,EQ,451302,172704,38.27
20,242,CESC,EQ,323535,112598,34.80
20,243,CGCL,EQ,472,439,93.01
20,244,CHAMBLFERT,EQ,203287,92265,45.39
20,245,CHEMFALKAL,EQ,1858,1608,86.54
20,246,CHENNPETRO,EQ,647228,175407,27.10
20,247,CHOLAFIN,EQ,54879,54023,98.44
20,248,CHROMATIC,EQ,107420,85500,79.59
20,249,CIGNITITEC,EQ,10075,4916,48.79
20,250,CIMMCO,EQ,55745,22104,39.65
20,251,CINELINE,EQ,1400,1398,99.86
20,252,CINEVISTA,EQ,134,134,100.00
20,253,CIPLA,EQ,1236400,851974,68.91
20,254,CLNINDIA,EQ,3007,2200,73.16
20,255,CNOVAPETRO,EQ,19,19,100.00
20,256,COALINDIA,EQ,2820180,1662016,58.93
20,257,COFFEEDAY,EQ,89707,77338,86.21
20,258,COLPAL,EQ,283904,217779,76.71
20,259,COMPUSOFT,EQ,114729,18005,15.69
20,260,CONCOR,EQ,159937,57882,36.19
20,261,CONSOFINVT,EQ,8699,2017,23.19
20,262,CORDSCABLE,EQ,5788,4517,78.04
20,263,COROMANDEL,EQ,182855,176521,96.54
20,264,CORPBANK,EQ,331101,225808,68.20
20,265,COSMOFILMS,EQ,72023,13705,19.03
20,266,COUNCODOS,EQ,2660,2660,100.00
20,267,COX&KINGS,EQ,488610,228934,46.85
20,268,CPSEETF,EQ,1911735,1838338,96.16
20,269,CREATIVEYE,EQ,1046,1023,97.80
20,270,CREST,EQ,62,60,96.77
20,271,CRISIL,EQ,8276,6713,81.11
20,272,CRMFGETF,EQ,1,1,100.00
20,273,CROMPGREAV,EQ,13176645,2155543,16.36
20,274,CTE,EQ,1367,1367,100.00
20,275,CUB,EQ,258408,205513,79.53
20,276,CUMMINSIND,EQ,53568,35490,66.25
20,277,CYBERMEDIA,EQ,366,366,100.00
20,278,CYBERTECH,EQ,7708,4149,53.83
20,279,CYIENT,EQ,9406,4691,49.87
20,280,DAAWAT,EQ,2242,1220,54.42
20,281,DABUR,EQ,704507,364229,51.70
20,282,DALMIABHA,EQ,27006,19012,70.40
20,283,DALMIASUG,EQ,15001,12078,80.51
20,284,DATAMATICS,EQ,18825,14021,74.48
20,285,DBCORP,EQ,401,291,72.57
20,286,DBREALTY,EQ,188259,108242,57.50
20,287,DBSTOCKBRO,EQ,6048,0,0.00
20,288,DCBBANK,EQ,235711,97441,41.34
20,289,DCM,EQ,11820,6752,57.12
20,290,DCMSHRIRAM,EQ,66046,43669,66.12
20,291,DCW,EQ,599733,125558,20.94
20,292,DECCANCE,EQ,2006,1607,80.11
20,293,DEEPAKFERT,EQ,108772,49666,45.66
20,294,DEEPAKNTR,EQ,45198,34220,75.71
20,295,DEEPIND,EQ,80436,30721,38.19
20,296,DELTACORP,EQ,351908,148012,42.06
20,297,DEN,EQ,42771,26008,60.81
20,298,DENABANK,EQ,367611,231146,62.88
20,299,DENORA,EQ,3364,2134,63.44
20,300,DHAMPURSUG,EQ,124614,69390,55.68
20,301,DHANBANK,EQ,114846,91890,80.01
20,302,DHANUKA,EQ,3207,2893,90.21
20,303,DHARSUGAR,EQ,5409,3239,59.88
20,304,DHFL,EQ,847409,287062,33.88
20,305,DHUNINV,EQ,121,106,87.60
20,306,DIAPOWER,EQ,39377,27958,71.00
20,307,DICIND,EQ,4502,3278,72.81
20,308,DIGJAM,EQ,179865,86185,47.92
20,309,DISHMAN,EQ,503964,170887,33.91
20,310,DISHTV,EQ,2785050,1152139,41.37
20,311,DIVISLAB,EQ,359241,173286,48.24
20,312,DLF,EQ,6052510,869163,14.36
20,313,DLINKINDIA,EQ,76005,32003,42.11
20,314,DOLPHINOFF,EQ,92343,38376,41.56
20,315,DONEAR,EQ,65514,36847,56.24
20,316,DPL,EQ,10303,7148,69.38
20,317,DPSCLTD,EQ,16292,15762,96.75
20,318,DQE,EQ,52309,43361,82.89
20,319,DREDGECORP,EQ,5941,3554,59.82
20,320,DRREDDY,EQ,287606,111891,38.90
20,321,DSKULKARNI,EQ,25748,23604,91.67
20,322,DSSL,EQ,912,900,98.68
20,323,DTIL,EQ,669,616,92.08
20,324,DWARKESH,EQ,32366,27647,85.42
20,325,DYNAMATECH,EQ,1837,1575,85.74
20,326,DYNATECH,EQ,31989,23940,74.84
20,327,EASTSILK,EQ,12000,7600,63.33
20,328,EASUNREYRL,EQ,13931,10341,74.23
20,329,EBANK,EQ,11,11,100.00
20,330,ECEIND,EQ,12,7,58.33
20,331,ECLERX,EQ,6029,4491,74.49
20,332,ECLFINANCE,N1,1216,1183,97.29
20,333,ECLFINANCE,N2,100,100,100.00
20,334,ECLFINANCE,N3,4575,3463,75.69
20,335,ECLFINANCE,N4,72,71,98.61
20,336,ECLFINANCE,N5,1574,1564,99.36
20,337,ECLFINANCE,N6,50,50,100.00
20,338,ECLFINANCE,N7,400,400,100.00
20,339,ECLFINANCE,N8,500,500,100.00
20,340,ECLFINANCE,NB,325,325,100.00
20,341,EDELWEISS,EQ,137869,110239,79.96
20,342,EDL,EQ,28045,11539,41.14
20,343,EDUCOMP,EQ,820599,393110,47.91
20,344,EICHERMOT,EQ,25491,10275,40.31
20,345,EIDPARRY,EQ,89896,42556,47.34
20,346,EIHAHOTELS,EQ,2782,1891,67.97
20,347,EIHOTEL,EQ,31001,17079,55.09
20,348,EKC,EQ,374098,163377,43.67
20,349,ELAND,EQ,25268,17408,68.89
20,350,ELECON,EQ,104730,59444,56.76
20,351,ELECTCAST,EQ,128785,83007,64.45
20,352,ELECTHERM,EQ,690,580,84.06
20,353,ELGIEQUIP,EQ,14590,12140,83.21
20,354,ELGIRUBCO,EQ,6464,5479,84.76
20,355,EMAMIINFRA,EQ,571,571,100.00
20,356,EMAMILTD,EQ,153008,130846,85.52
20,357,EMCO,EQ,47609,27295,57.33
20,358,EMKAY,EQ,17917,12423,69.34
20,359,EMMBI,EQ,26618,14606,54.87
20,360,ENERGYDEV,EQ,55665,22444,40.32
20,361,ENGINERSIN,EQ,375725,129722,34.53
20,362,ENIL,EQ,198,106,53.54
20,363,EON,EQ,19525,15476,79.26
20,364,EROSMEDIA,EQ,1218768,229281,18.81
20,365,ESABINDIA,EQ,326,313,96.01
20,366,ESCORTS,EQ,157987,60279,38.15
20,367,ESL,EQ,1940150,1379206,71.09
20,368,ESSARSHPNG,EQ,349996,339274,96.94
20,369,ESSDEE,EQ,157462,72193,45.85
20,370,ESSELPACK,EQ,31818,19991,62.83
20,371,ESTER,EQ,51718,28903,55.89
20,372,EUROCERA,EQ,9767,9742,99.74
20,373,EUROTEXIND,EQ,309,55,17.80
20,374,EVEREADY,EQ,90559,41750,46.10
20,375,EVERESTIND,EQ,7261,3862,53.19
20,376,EVERONN,EQ,189304,47709,25.20
20,377,EXCEL,EQ,3579,2919,81.56
20,378,EXCELCROP,EQ,826,571,69.13
20,379,EXCELINDUS,EQ,6220,3587,57.67
20,380,EXIDEIND,EQ,926925,495356,53.44
20,381,FACT,EQ,357921,147022,41.08
20,382,FAGBEARING,EQ,692,614,88.73
20,383,FCEL,EQ,912897,399526,43.76
20,384,FCL,EQ,35777,25607,71.57
20,385,FCSSOFT,EQ,152754,120110,78.63
20,386,FDC,EQ,14488,9081,62.68
20,387,FEDDERLOYD,EQ,458842,106853,23.29
20,388,FEDERALBNK,EQ,1898264,662744,34.91
20,389,FIEMIND,EQ,12597,2367,18.79
20,390,FILATEX,EQ,5200,100,1.92
20,391,FINANTECH,EQ,299787,95833,31.97
20,392,FINCABLES,EQ,13559,8842,65.21
20,393,FINPIPE,EQ,17171,13590,79.15
20,394,FLEXITUFF,EQ,27130,5958,21.96
20,395,FLFL,EQ,5722,4861,84.95
20,396,FMGOETZE,EQ,237,199,83.97
20,397,FMNL,EQ,14173,12314,86.88
20,398,FORTIS,EQ,897618,133653,14.89
20,399,FOSECOIND,EQ,169,91,53.85
20,400,FRL,EQ,141582,49558,35.00
20,401,FRLDVR,EQ,495,478,96.57
20,402,FSL,EQ,780541,446734,57.23
20,403,GABRIEL,EQ,69749,39462,56.58
20,404,GAEL,EQ,13103,7653,58.41
20,405,GAIL,EQ,679302,265856,39.14
20,406,GAL,EQ,99290,41701,42.00
20,407,GALLANTT,EQ,4716,4165,88.32
20,408,GALLISPAT,EQ,27912,16072,57.58
20,409,GAMMNINFRA,EQ,866172,510013,58.88
20,410,GAMMONIND,EQ,146364,75968,51.90
20,411,GANDHITUBE,EQ,343,249,72.59
20,412,GANECOS,EQ,4279,2373,55.46
20,413,GANESHHOUC,EQ,2558,2204,86.16
20,414,GARDENSILK,EQ,7136,4909,68.79
20,415,GARWALLROP,EQ,29719,12867,43.30
20,416,GATI,EQ,756606,218335,28.86
20,417,GAYAPROJ,EQ,73117,23868,32.64
20,418,GDL,EQ,60507,39307,64.96
20,419,GEECEE,EQ,5240,4038,77.06
20,420,GEMINI,EQ,24206,21206,87.61
20,421,GENESYS,EQ,5201,81,1.56
20,422,GENUSPAPER,EQ,136372,116086,85.12
20,423,GENUSPOWER,EQ,1516378,1306889,86.18
20,424,GEOJITBNPP,EQ,19450,13231,68.03
20,425,GEOMETRIC,EQ,171244,38144,22.27
20,426,GESHIP,EQ,15167,7253,47.82
20,427,GHCL,EQ,58590,23838,40.69
20,428,GICHSGFIN,EQ,56893,28453,50.01
20,429,GILLANDERS,EQ,481,281,58.42
20,430,GILLETTE,EQ,3468,2350,67.76
20,431,GINNIFILA,EQ,72135,55187,76.51
20,432,GIPCL,EQ,16913,13273,78.48
20,433,GITANJALI,EQ,145388,71436,49.13
20,434,GKWLIMITED,EQ,1407,580,41.22
20,435,GLAXO,EQ,3155,1831,58.03
20,436,GLENMARK,EQ,256617,110561,43.08
20,437,GLOBALVECT,EQ,7282,5956,81.79
20,438,GLOBOFFS,EQ,22162,5475,24.70
20,439,GLOBUSSPR,EQ,36447,17768,48.75
20,440,GMBREW,EQ,58590,15690,26.78
20,441,GMDCLTD,EQ,108147,80984,74.88
20,442,GMRINFRA,EQ,7009652,2562948,36.56
20,443,GNFC,EQ,48621,28732,59.09
20,444,GOACARBON,EQ,3809,1880,49.36
20,445,GOCLCORP,EQ,982,770,78.41
20,446,GODFRYPHLP,EQ,360447,95549,26.51
20,447,GODREJCP,EQ,119420,84264,70.56
20,448,GODREJIND,EQ,404319,46564,11.52
20,449,GODREJPROP,EQ,101577,45136,44.44
20,450,GOKEX,EQ,262777,99411,37.83
20,451,GOKUL,EQ,12796,12721,99.41
20,452,GOLDBEES,EQ,21078,11462,54.38
20,453,GOLDENTOBC,EQ,2765,1570,56.78
20,454,GOLDIAM,EQ,8704,6270,72.04
20,455,GOLDINFRA,EQ,8201,5800,70.72
20,456,GOLDSHARE,EQ,2171,1411,64.99
20,457,GOODLUCK,EQ,32694,20427,62.48
20,458,GPIL,EQ,4968,3734,75.16
20,459,GPPL,EQ,189479,126492,66.76
20,460,GRANULES,EQ,457351,196763,43.02
20,461,GRAPHITE,EQ,80877,60641,74.98
20,462,GRASIM,EQ,33675,10450,31.03
20,463,GRAVITA,EQ,6733,4584,68.08
20,464,GREAVESCOT,EQ,28921,11794,40.78
20,465,GREENFIRE,EQ,18323,18323,100.00
20,466,GREENLAM,EQ,722,518,71.75
20,467,GREENPLY,EQ,14796,9766,66.00
20,468,GREENPOWER,EQ,193882,94646,48.82
20,469,GRINDWELL,EQ,3324,2073,62.36
20,470,GRPLTD,EQ,3,3,100.00
20,471,GRUH,EQ,76799,53909,70.19
20,472,GSCLCEMENT,EQ,25118,19677,78.34
20,473,GSFC,EQ,459227,198569,43.24
20,474,GSKCONS,EQ,50892,49149,96.58
20,475,GSPL,EQ,58067,30764,52.98
20,476,GSS,EQ,199,174,87.44
20,477,GTL,EQ,47138,30181,64.03
20,478,GTLINFRA,EQ,1413640,834322,59.02
20,479,GTNIND,EQ,1614,1014,62.83
20,480,GTNTEX,EQ,1384,1272,91.91
20,481,GTOFFSHORE,EQ,26629,8796,33.03
20,482,GUFICBIO,EQ,16706,8391,50.23
20,483,GUJALKALI,EQ,11417,5322,46.61
20,484,GUJAPOLLO,EQ,2313,1669,72.16
20,485,GUJFLUORO,EQ,54967,27295,49.66
20,486,GUJGASLTD,EQ,14015,10495,74.88
20,487,GUJNRECOKE,EQ,585945,288853,49.30
20,488,GUJNREDVR,EQ,27199,21851,80.34
20,489,GULFOILLUB,EQ,3687,2589,70.22
20,490,GULFPETRO,EQ,10390,6886,66.28
20,491,GULPOLY,EQ,2200,1499,68.14
20,492,GVKPIL,EQ,1914610,899401,46.98
20,493,HANUNG,EQ,10486,8197,78.17
20,494,HARITASEAT,EQ,3437,2364,68.78
20,495,HARRMALAYA,EQ,5001,2811,56.21
20,496,HATHWAY,EQ,27558,17906,64.98
20,497,HATSUN,EQ,1342,902,67.21
20,498,HAVELLS,EQ,927653,431363,46.50
20,499,HBLPOWER,EQ,172184,86034,49.97
20,500,HBSTOCK,EQ,3688,3205,86.90
20,501,HCC,EQ,2805261,943889,33.65
20,502,HCIL,EQ,1007794,743621,73.79
20,503,HCL-INSYS,EQ,1510797,546161,36.15
20,504,HCLTECH,EQ,923775,586268,63.46
20,505,HDFC,EQ,3374621,2573023,76.25
20,506,HDFC,W2,131400,131400,100.00
20,507,HDFCBANK,EQ,1000599,596762,59.64
20,508,HDFCMFGETF,EQ,4141,2216,53.51
20,509,HDFCNIFETF,EQ,18,13,72.22
20,510,HDFCSENETF,EQ,2,1,50.00
20,511,HDIL,EQ,8089403,788656,9.75
20,512,HEG,EQ,2711,1119,41.28
20,513,HEIDELBERG,EQ,41749,27310,65.41
20,514,HERCULES,EQ,6652,5076,76.31
20,515,HERITGFOOD,EQ,53455,49478,92.56
20,516,HEROMOTOCO,EQ,273758,128449,46.92
20,517,HESTERBIO,EQ,16436,15976,97.20
20,518,HEXATRADEX,EQ,723,391,54.08
20,519,HEXAWARE,EQ,852560,191044,22.41
20,520,HFCL,EQ,2050844,950924,46.37
20,521,HGS,EQ,1134,715,63.05
20,522,HIKAL,EQ,11520,6149,53.38
20,523,HIL,EQ,1916,1032,53.86
20,524,HILTON,EQ,1576,1575,99.94
20,525,HIMATSEIDE,EQ,111797,64122,57.36
20,526,HINDALCO,EQ,5132711,1035114,20.17
20,527,HINDCOMPOS,EQ,707,222,31.40
20,528,HINDCOPPER,EQ,47766,23869,49.97
20,529,HINDDORROL,EQ,101199,70571,69.73
20,530,HINDMOTORS,EQ,314524,241040,76.64
20,531,HINDNATGLS,EQ,1250,750,60.00
20,532,HINDOILEXP,EQ,213490,66953,31.36
20,533,HINDPETRO,EQ,1205349,565099,46.88
20,534,HINDUJAFO,EQ,3959,1699,42.91
20,535,HINDUJAVEN,EQ,1901,1280,67.33
20,536,HINDUNILVR,EQ,1883688,1025755,54.45
20,537,HINDZINC,EQ,451514,255365,56.56
20,538,HIRECT,EQ,19637,9772,49.76
20,539,HITACHIHOM,EQ,5472,2022,36.95
20,540,HITECHGEAR,EQ,5133,4445,86.60
20,541,HITECHPLAS,EQ,47221,18239,38.62
20,542,HMT,EQ,93817,45728,48.74
20,543,HMVL,EQ,38223,27441,71.79
20,544,HNGSNGBEES,EQ,5,4,80.00
20,545,HOCL,EQ,19830,12447,62.77
20,546,HONAUT,EQ,204,151,74.02
20,547,HONDAPOWER,EQ,881,713,80.93
20,548,HOTELEELA,EQ,61677,31637,51.29
20,549,HOVS,EQ,5635,3238,57.46
20,550,HRGESSRG2,MF,71,71,100.00
20,551,HSIL,EQ,136668,79924,58.48
20,552,HTMEDIA,EQ,67240,56166,83.53
20,553,HUBTOWN,EQ,4569,3160,69.16
20,554,HUDCO,N2,2196,2038,92.81
20,555,HUDCO,N3,12944,8965,69.26
20,556,HUDCO,N5,1137,937,82.41
20,557,IBREALEST,EQ,3289200,602711,18.32
20,558,IBULHSGFIN,EQ,1317533,663838,50.38
20,559,IBVENTURES,EQ,146426,100124,68.38
20,560,IBWSL,EQ,72684,49346,67.89
20,561,ICICIBANK,EQ,15970717,9592072,60.06
20,562,ICIL,EQ,14471,11323,78.25
20,563,ICNX100,EQ,11,11,100.00
20,564,ICRA,EQ,1080,570,52.78
20,565,ICSA,EQ,26283,26128,99.41
20,566,IDBI,EQ,5469272,1005169,18.38
20,567,IDBIGOLD,EQ,138,136,98.55
20,568,IDEA,EQ,1909091,679199,35.58
20,569,IDFC,EQ,1249342,491367,39.33
20,570,IDFCBANK,EQ,2208257,1589790,71.99
20,571,IDFCBANK,N1,16,16,100.00
20,572,IDFCBANK,N2,46,45,97.83
20,573,IDFCBANK,N4,4,4,100.00
20,574,IFBAGRO,EQ,11005,8995,81.74
20,575,IFBIND,EQ,1362,863,63.36
20,576,IFCI,EQ,6301498,1625840,25.80
20,577,IFGLREFRAC,EQ,63579,45788,72.02
20,578,IGARASHI,EQ,31276,28036,89.64
20,579,IGL,EQ,333392,95559,28.66
20,580,IGOLD,EQ,256,122,47.66
20,581,IGPL,EQ,7627,5423,71.10
20,582,IIFL,EQ,34366,24625,71.66
20,583,IIFLFIN,N4,105,105,100.00
20,584,IIFLFIN,N5,447,340,76.06
20,585,IIFLFIN,N6,20,20,100.00
20,586,IIFLFIN,N7,55,54,98.18
20,587,IIFLFIN,N8,1939,1554,80.14
20,588,IIFLFIN,NA,180,160,88.89
20,589,IIFLFIN,NB,50,50,100.00
20,590,IIHFL,N1,1048,953,90.94
20,591,IIHFL,N2,266,266,100.00
20,592,IITL,EQ,1,1,100.00
20,593,IL&FSENGG,EQ,33137,24765,74.74
20,594,IL&FSTRANS,EQ,103433,77895,75.31
20,595,IMFA,EQ,89,54,60.67
20,596,IMPAL,EQ,114,52,45.61
20,597,IMPEXFERRO,EQ,20595,17945,87.13
20,598,INDBANK,EQ,9019,5915,65.58
20,599,INDHOTEL,EQ,115332,68798,59.65
20,600,INDIACEM,EQ,1760720,363196,20.63
20,601,INDIAGLYCO,EQ,10665,7757,72.73
20,602,INDIANB,EQ,105670,49041,46.41
20,603,INDIANCARD,EQ,6545,3337,50.99
20,604,INDIANHUME,EQ,3248,1894,58.31
20,605,INDIGO,EQ,549452,232441,42.30
20,606,INDLMETER,EQ,135,124,91.85
20,607,INDNIPPON,EQ,789,443,56.15
20,608,INDOCO,EQ,14052,8434,60.02
20,609,INDORAMA,EQ,15028,14136,94.06
20,610,INDOSOLAR,EQ,483023,326918,67.68
20,611,INDOTECH,EQ,4936,3159,64.00
20,612,INDOTHAI,EQ,5882,1928,32.78
20,613,INDRAMEDCO,EQ,107681,79767,74.08
20,614,INDSWFTLAB,EQ,32123,20797,64.74
20,615,INDTERRAIN,EQ,22334,20581,92.15
20,616,INDUSINDBK,EQ,613082,333356,54.37
20,617,INFINITE,EQ,9955,5943,59.70
20,618,INFOMEDIA,EQ,14785,7018,47.47
20,619,INFRABEES,EQ,331,263,79.46
20,620,INFRATEL,EQ,1561365,1212201,77.64
20,621,INFY,EQ,1928505,1202192,62.34
20,622,INGERRAND,EQ,2749,1826,66.42
20,623,INIFTY,EQ,549,549,100.00
20,624,INOXLEISUR,EQ,53216,20614,38.74
20,625,INOXWIND,EQ,244351,143830,58.86
20,626,INSECTICID,EQ,12861,5950,46.26
20,627,INTELLECT,EQ,263286,65642,24.93
20,628,INVENTURE,EQ,380,275,72.37
20,629,IOB,EQ,505836,151533,29.96
20,630,IOC,EQ,827319,372951,45.08
20,631,IOLCP,EQ,34074,4822,14.15
20,632,IPAPPM,EQ,77509,47227,60.93
20,633,IPCALAB,EQ,58416,18874,32.31
20,634,IRB,EQ,1075381,307357,28.58
20,635,IRFC,N1,510,460,90.20
20,636,IRFC,N3,100,100,100.00
20,637,IRFC,N9,25,25,100.00
20,638,IRFC,NA,10,10,100.00
20,639,IRFC,NI,481,481,100.00
20,640,IRFC,NJ,2274,2273,99.96
20,641,IRFC,NK,231,231,100.00
20,642,ISFT,EQ,8038,4298,53.47
20,643,ISMTLTD,EQ,7545,5277,69.94
20,644,ITC,EQ,9802856,6523923,66.55
20,645,ITDCEM,EQ,54076,37307,68.99
20,646,ITI,EQ,119221,34920,29.29
20,647,IVC,EQ,43445,34064,78.41
20,648,IVP,EQ,2591,2413,93.13
20,649,IVRCLINFRA,EQ,2138548,721276,33.73
20,650,IZMO,EQ,87767,42494,48.42
20,651,J&KBANK,EQ,141200,85160,60.31
20,652,JAGRAN,EQ,42606,26479,62.15
20,653,JAGSNPHARM,EQ,20628,10343,50.14
20,654,JAIBALAJI,EQ,6832,5432,79.51
20,655,JAICORPLTD,EQ,682318,159275,23.34
20,656,JAIHINDPRO,EQ,252,251,99.60
20,657,JAMNAAUTO,EQ,274683,127046,46.25
20,658,JAYAGROGN,EQ,286,142,49.65
20,659,JAYBARMARU,EQ,2210,1396,63.17
20,660,JAYNECOIND,EQ,6300,4750,75.40
20,661,JAYSREETEA,EQ,12031,6902,57.37
20,662,JBCHEPHARM,EQ,24990,18140,72.59
20,663,JBFIND,EQ,45688,19657,43.02
20,664,JBMA,EQ,7572,5593,73.86
20,665,JCTEL,EQ,28580,20134,70.45
20,666,JENSONICOL,EQ,88581,86722,97.90
20,667,JETAIRWAYS,EQ,2486783,165927,6.67
20,668,JINDALPHOT,EQ,2494,1591,63.79
20,669,JINDALPOLY,EQ,48579,10393,21.39
20,670,JINDALSAW,EQ,174121,70057,40.23
20,671,JINDALSTEL,EQ,6208463,983939,15.85
20,672,JINDCOT,EQ,22356,13244,59.24
20,673,JINDRILL,EQ,7119,4667,65.56
20,674,JINDWORLD,EQ,305,271,88.85
20,675,JISLDVREQS,EQ,42176,20133,47.74
20,676,JISLJALEQS,EQ,3368947,1070092,31.76
20,677,JKCEMENT,EQ,2481,1547,62.35
20,678,JKIL,EQ,7244,4359,60.17
20,679,JKLAKSHMI,EQ,11198,4960,44.29
20,680,JKPAPER,EQ,66082,19906,30.12
20,681,JKTYRE,EQ,445286,141624,31.81
20,682,JMA,EQ,800,740,92.50
20,683,JMCPROJECT,EQ,7262,5094,70.15
20,684,JMFINANCIL,EQ,109742,71619,65.26
20,685,JMTAUTOLTD,EQ,12833,7687,59.90
20,686,JOCIL,EQ,10334,5722,55.37
20,687,JPASSOCIAT,EQ,17779054,3855340,21.68
20,688,JPINFRATEC,EQ,515279,272809,52.94
20,689,JPOLYINVST,EQ,2780,2530,91.01
20,690,JPPOWER,EQ,1427563,841601,58.95
20,691,JSL,EQ,88295,37692,42.69
20,692,JSLHISAR,EQ,770936,160553,20.83
20,693,JSWENERGY,EQ,1202673,207247,17.23
20,694,JSWHL,EQ,315,276,87.62
20,695,JSWSTEEL,EQ,732973,71354,9.73
20,696,JSWSTEEL,P2,5744,5744,100.00
20,697,JUBILANT,EQ,363123,146009,40.21
20,698,JUBLFOOD,EQ,215593,55000,25.51
20,699,JUBLINDS,EQ,6275,4599,73.29
20,700,JUNIORBEES,EQ,3094,2745,88.72
20,701,JUSTDIAL,EQ,3443052,216263,6.28
20,702,JVLAGRO,EQ,46650,34862,74.73
20,703,JYOTHYLAB,EQ,104155,66690,64.03
20,704,JYOTISTRUC,EQ,133492,102640,76.89
20,705,KABRAEXTRU,EQ,386,350,90.67
20,706,KAJARIACER,EQ,34696,27531,79.35
20,707,KAKATCEM,EQ,8028,5891,73.38
20,708,KALINDEE,EQ,657622,217315,33.05
20,709,KALPATPOWR,EQ,17825,9228,51.77
20,710,KAMATHOTEL,EQ,2331,2255,96.74
20,711,KANANIIND,EQ,36203,18179,50.21
20,712,KANORICHEM,EQ,44480,27480,61.78
20,713,KANSAINER,EQ,42968,31802,74.01
20,714,KARURVYSYA,EQ,130959,102707,78.43
20,715,KAUSHALYA,EQ,901,901,100.00
20,716,KAVVERITEL,EQ,715,703,98.32
20,717,KAYA,EQ,6902,4377,63.42
20,718,KCP,EQ,33081,22436,67.82
20,719,KCPSUGIND,EQ,69084,45383,65.69
20,720,KEC,EQ,695372,432755,62.23
20,721,KECL,EQ,65225,53122,81.44
20,722,KEI,EQ,160983,92104,57.21
20,723,KEMROCK,EQ,8144,5637,69.22
20,724,KESARENT,EQ,4199,2085,49.65
20,725,KESORAMIND,EQ,109305,77046,70.49
20,726,KGL,EQ,1043346,601920,57.69
20,727,KHAITANELE,EQ,40,20,50.00
20,728,KICL,EQ,1267,840,66.30
20,729,KIL,EQ,24893,15856,63.70
20,730,KILITCH,EQ,1678,1384,82.48
20,731,KIRIINDUS,EQ,29186,18630,63.83
20,732,KIRLOSBROS,EQ,2717,1535,56.50
20,733,KIRLOSENG,EQ,748,361,48.26
20,734,KIRLOSIND,EQ,267,99,37.08
20,735,KITEX,EQ,36096,19246,53.32
20,736,KKCL,EQ,300,140,46.67
20,737,KMSUGAR,EQ,236000,230633,97.73
20,738,KNRCON,EQ,5777,3882,67.20
20,739,KOHINOOR,EQ,27224,18121,66.56
20,740,KOKUYOCMLN,EQ,30426,26258,86.30
20,741,KOLTEPATIL,EQ,64747,21183,32.72
20,742,KOPRAN,EQ,207973,70698,33.99
20,743,KOTAKBANK,EQ,444582,141013,31.72
20,744,KOTAKBANK,IL,67000,0,0.00
20,745,KOTAKBKETF,EQ,88,44,50.00
20,746,KOTAKGOLD,EQ,16739,12345,73.75
20,747,KOTAKNIFTY,EQ,697,304,43.62
20,748,KOTAKNV20,EQ,40,20,50.00
20,749,KOTAKPSUBK,EQ,3573,3004,84.08
20,750,KOTARISUG,EQ,3211,3211,100.00
20,751,KOTHARIPET,EQ,17634,11649,66.06
20,752,KOTHARIPRO,EQ,35118,14634,41.67
20,753,KPIT,EQ,235112,82913,35.27
20,754,KPRMILL,EQ,13918,6671,47.93
20,755,KRBL,EQ,77486,22925,29.59
20,756,KRIDHANINF,EQ,4134,2949,71.34
20,757,KSBPUMPS,EQ,6414,4621,72.05
20,758,KSCL,EQ,847288,149426,17.64
20,759,KSERASERA,EQ,255150,215742,84.55
20,760,KSK,EQ,71155,57806,81.24
20,761,KSL,EQ,102809,35725,34.75
20,762,KTIL,EQ,492,354,71.95
20,763,KTKBANK,EQ,927662,423051,45.60
20,764,KWALITY,EQ,589274,156395,26.54
20,765,L&TFH,EQ,1247044,365866,29.34
20,766,L&TFINANCE,N3,1064,1050,98.68
20,767,L&TFINANCE,N4,1874,1660,88.58
20,768,L&TINFRA,N1,20,20,100.00
20,769,L&TINFRA,N2,264,261,98.86
20,770,L&TINFRA,N3,655,560,85.50
20,771,L&TINFRA,N4,172,172,100.00
20,772,LAKPRE,EQ,5870,3854,65.66
20,773,LAKSHMIEFL,EQ,124255,83757,67.41
20,774,LAKSHVILAS,EQ,207158,151598,73.18
20,775,LALPATHLAB,EQ,93270,56993,61.11
20,776,LAMBODHARA,EQ,23857,18087,75.81
20,777,LAOPALA,EQ,8455,3299,39.02
20,778,LAXMIMACH,EQ,600,473,78.83
20,779,LGBBROSLTD,EQ,1024,788,76.95
20,780,LGBFORGE,EQ,25372,19770,77.92
20,781,LIBERTSHOE,EQ,105336,19510,18.52
20,782,LICHSGFIN,EQ,2833261,1379859,48.70
20,783,LICNETFGSC,EQ,150,144,96.00
20,784,LICNETFN50,EQ,678,678,100.00
20,785,LINCOLN,EQ,134467,58619,43.59
20,786,LINCPEN,EQ,4933,3367,68.25
20,787,LINDEINDIA,EQ,1050,917,87.33
20,788,LIQUIDBEES,EQ,526953,397621,75.46
20,789,LITL,EQ,1841019,748166,40.64
20,790,LLOYDELENG,EQ,173450,54850,31.62
20,791,LML,EQ,109928,66687,60.66
20,792,LOKESHMACH,EQ,2133,1680,78.76
20,793,LOTUSEYE,EQ,24804,18066,72.84
20,794,LOVABLE,EQ,16244,4748,29.23
20,795,LPDC,EQ,9523,6332,66.49
20,796,LT,EQ,1369654,325283,23.75
20,797,LUMAXAUTO,EQ,2688,1713,63.73
20,798,LUMAXIND,EQ,7055,6363,90.19
20,799,LUMAXTECH,EQ,7529,5899,78.35
20,800,LUPIN,EQ,699778,384719,54.98
20,801,LUXIND,EQ,1197,1011,84.46
20,802,LYCOS,EQ,372067,235319,63.25
20,803,LYKALABS,EQ,141688,42885,30.27
20,804,LYPSAGEMS,EQ,17830,2936,16.47
20,805,M&M,EQ,550750,289892,52.64
20,806,M&MFIN,EQ,396339,141743,35.76
20,807,M100,EQ,16016,13925,86.94
20,808,M50,EQ,2644,2259,85.44
20,809,MAANALU,EQ,58,58,100.00
20,810,MADHAV,EQ,8014,5995,74.81
20,811,MADHUCON,EQ,72190,66682,92.37
20,812,MADRASFERT,EQ,101070,59168,58.54
20,813,MAGMA,EQ,142106,78090,54.95
20,814,MAHABANK,EQ,87543,44521,50.86
20,815,MAHINDCIE,EQ,239142,196747,82.27
20,816,MAHLIFE,EQ,1476,1126,76.29
20,817,MAHSCOOTER,EQ,1201,803,66.86
20,818,MAHSEAMLES,EQ,3842,3280,85.37
20,819,MAITHANALL,EQ,10670,6425,60.22
20,820,MAJESCO,EQ,75466,30029,39.79
20,821,MALUPAPER,EQ,126,126,100.00
20,822,MANAKALUCO,EQ,556,506,91.01
20,823,MANAKCOAT,EQ,2956,2444,82.68
20,824,MANAKINDST,EQ,5951,1861,31.27
20,825,MANAKSIA,EQ,880,496,56.36
20,826,MANAKSTEEL,EQ,703,703,100.00
20,827,MANALIPETC,EQ,100384,68097,67.84
20,828,MANAPPURAM,EQ,1088036,568762,52.27
20,829,MANDHANA,EQ,18012,6140,34.09
20,830,MANGALAM,EQ,140560,64065,45.58
20,831,MANGCHEFER,EQ,4480,3375,75.33
20,832,MANGLMCEM,EQ,19468,9527,48.94
20,833,MANGTIMBER,EQ,11200,7572,67.61
20,834,MANINDS,EQ,200787,112850,56.20
20,835,MANINFRA,EQ,101139,54668,54.05
20,836,MANPASAND,EQ,6129,4810,78.48
20,837,MANUGRAPH,EQ,13335,6962,52.21
20,838,MARALOVER,EQ,13388,5901,44.08
20,839,MARICO,EQ,2502756,1642810,65.64
20,840,MARKSANS,EQ,1965689,705709,35.90
20,841,MARUTI,EQ,1291463,762687,59.06
20,842,MASTEK,EQ,119465,42611,35.67
20,843,MAWANASUG,EQ,6384,4594,71.96
20,844,MAX,EQ,86825,31407,36.17
20,845,MAXWELL,EQ,78724,33055,41.99
20,846,MAYURUNIQ,EQ,8225,4992,60.69
20,847,MBECL,EQ,8248,5358,64.96
20,848,MBLINFRA,EQ,39138,30090,76.88
20,849,MCDHOLDING,EQ,11671,5011,42.94
20,850,MCDOWELL-N,EQ,418159,246976,59.06
20,851,MCLEODRUSS,EQ,364416,51634,14.17
20,852,MCX,EQ,219592,87293,39.75
20,853,MEGASOFT,EQ,171339,120308,70.22
20,854,MEGH,EQ,465424,300977,64.67
20,855,MENONBE,EQ,8211,6579,80.12
20,856,MEP,EQ,180110,110062,61.11
20,857,MERCATOR,EQ,435274,207112,47.58
20,858,MERCK,EQ,5844,4135,70.76
20,859,METALFORGE,EQ,33902,23327,68.81
20,860,METKORE,EQ,30471,30439,99.89
20,861,MHRIL,EQ,6380,3163,49.58
20,862,MIC,EQ,234359,142190,60.67
20,863,MICROSEC,EQ,15614,13220,84.67
20,864,MINDACORP,EQ,10362,7096,68.48
20,865,MINDAIND,EQ,4411,2655,60.19
20,866,MINDTREE,EQ,181794,136566,75.12
20,867,MIRCELECTR,EQ,193776,118251,61.02
20,868,MIRZAINT,EQ,222442,91078,40.94
20,869,MMFL,EQ,3443,1485,43.13
20,870,MMTC,EQ,537825,281626,52.36
20,871,MOHITIND,EQ,22942,5302,23.11
20,872,MOIL,EQ,14918,10903,73.09
20,873,MOLDTKPAC,EQ,14668,12813,87.35
20,874,MONNETISPA,EQ,18650,11898,63.80
20,875,MONSANTO,EQ,4523,2890,63.90
20,876,MONTECARLO,EQ,3352,1888,56.32
20,877,MORARJEE,EQ,383,369,96.34
20,878,MOREPENLAB,EQ,540388,419125,77.56
20,879,MOSERBAER,EQ,296115,155228,52.42
20,880,MOTHERSUMI,EQ,2689644,1367973,50.86
20,881,MOTILALOFS,EQ,3491,1995,57.15
20,882,MPHASIS,EQ,79708,43339,54.37
20,883,MPSLTD,EQ,5710,4774,83.61
20,884,MRF,EQ,2621,947,36.13
20,885,MRO-TEK,EQ,59244,24176,40.81
20,886,MRPL,EQ,118555,45426,38.32
20,887,MSPL,EQ,706,700,99.15
20,888,MTEDUCARE,EQ,110780,36232,32.71
20,889,MTNL,EQ,1075594,372244,34.61
20,890,MUKANDENGG,EQ,2966,2726,91.91
20,891,MUKANDLTD,EQ,19319,10446,54.07
20,892,MUKTAARTS,EQ,15934,13169,82.65
20,893,MUNJALAU,EQ,32798,12232,37.29
20,894,MUNJALSHOW,EQ,7022,5570,79.32
20,895,MURUDCERA,EQ,13741,9285,67.57
20,896,MUTHOOTCAP,EQ,617,571,92.54
20,897,MUTHOOTFIN,EQ,21579,14805,68.61
20,898,MUTHOOTFIN,N6,1716,1616,94.17
20,899,MUTHOOTFIN,N9,280,280,100.00
20,900,MUTHOOTFIN,NB,132,132,100.00
20,901,MVL,EQ,283344,212912,75.14
20,902,MYSOREBANK,EQ,431,279,64.73
20,903,N100,EQ,766,643,83.94
20,904,NAGAROIL,EQ,69060,63430,91.85
20,905,NAGREEKEXP,EQ,3,3,100.00
20,906,NAHARCAP,EQ,173,104,60.12
20,907,NAHARINDUS,EQ,740,305,41.22
20,908,NAHARPOLY,EQ,15751,14028,89.06
20,909,NAHARSPING,EQ,9160,6225,67.96
20,910,NATCOPHARM,EQ,528174,429025,81.23
20,911,NATHBIOGEN,EQ,2141,1874,87.53
20,912,NATIONALUM,EQ,1935413,1756560,90.76
20,913,NAUKRI,EQ,6592,4043,61.33
20,914,NAVINFLUOR,EQ,1523,1056,69.34
20,915,NAVKARCORP,EQ,24841,15278,61.50
20,916,NAVNETEDUL,EQ,15829,9325,58.91
20,917,NBCC,EQ,311382,68676,22.06
20,918,NBVENTURES,EQ,4085,2377,58.19
20,919,NCC,EQ,2882479,1389666,48.21
20,920,NCLIND,EQ,119238,45784,38.40
20,921,NDL,EQ,176999,43743,24.71
20,922,NDTV,EQ,87006,43353,49.83
20,923,NECLIFE,EQ,239280,78614,32.85
20,924,NELCAST,EQ,11027,7177,65.09
20,925,NELCO,EQ,180647,33409,18.49
20,926,NESCO,EQ,199,168,84.42
20,927,NESTLEIND,EQ,85293,80039,93.84
20,928,NETWORK18,EQ,152267,56464,37.08
20,929,NEULANDLAB,EQ,6287,3304,52.55
20,930,NEXTMEDIA,EQ,94325,52063,55.20
20,931,NEYVELILIG,EQ,30937,20515,66.31
20,932,NFL,EQ,537792,193904,36.06
20,933,NGCT,EQ,6500,6500,100.00
20,934,NH,EQ,334572,319352,95.45
20,935,NHAI,N1,1675,1625,97.01
20,936,NHAI,N2,2299,2297,99.91
20,937,NHAI,N4,30,30,100.00
20,938,NHAI,N6,1267,1267,100.00
20,939,NHAI,N8,900,900,100.00
20,940,NHAI,NA,52458,48408,92.28
20,941,NHBTF2014,N6,354,325,91.81
20,942,NHBTF2023,N6,31,31,100.00
20,943,NHPC,EQ,3271954,1062861,32.48
20,944,NHPC,N6,2,1,50.00
20,945,NIBL,EQ,1365,1269,92.97
20,946,NIFTYBEES,EQ,30397,14551,47.87
20,947,NIFTYEES,EQ,6,6,100.00
20,948,NIITLTD,EQ,442328,168069,38.00
20,949,NIITTECH,EQ,85574,42579,49.76
20,950,NILAINFRA,EQ,116576,69659,59.75
20,951,NILKAMAL,EQ,91572,19648,21.46
20,952,NIPPOBATRY,EQ,616,567,92.05
20,953,NIRVIKARA,EQ,24425,12155,49.76
20,954,NITCO,EQ,42807,24084,56.26
20,955,NITESHEST,EQ,64522,42444,65.78
20,956,NITINFIRE,EQ,215617,117335,54.42
20,957,NITINSPIN,EQ,28788,12633,43.88
20,958,NMDC,EQ,7061178,4187330,59.30
20,959,NOCIL,EQ,900244,269676,29.96
20,960,NOIDATOLL,EQ,68432,61452,89.80
20,961,NRBBEARING,EQ,2100,1584,75.43
20,962,NSIL,EQ,177,61,34.46
20,963,NTPC,EQ,2252826,1108072,49.19
20,964,NTPC,N1,183,161,87.98
20,965,NTPC,N7,11900,9350,78.57
20,966,NTPC,NA,8470,8470,100.00
20,967,NTPC,NC,5,5,100.00
20,968,NTPC,ND,1350,1290,95.56
20,969,NUCLEUS,EQ,19277,10915,56.62
20,970,NUTEK,EQ,16699,14199,85.03
20,971,OBEROIRLTY,EQ,13371,9841,73.60
20,972,OCCL,EQ,294,293,99.66
20,973,OCL,EQ,29,12,41.38
20,974,OFSS,EQ,9956,3529,35.45
20,975,OIL,EQ,263605,88761,33.67
20,976,OILCOUNTUB,EQ,6494,3689,56.81
20,977,OISL,EQ,10292,9841,95.62
20,978,OMAXAUTO,EQ,5594,4024,71.93
20,979,OMAXE,EQ,279100,113268,40.58
20,980,OMKARCHEM,EQ,49781,20516,41.21
20,981,OMMETALS,EQ,30591,25713,84.05
20,982,OMNITECH,EQ,510,510,100.00
20,983,ONELIFECAP,EQ,20035,10442,52.12
20,984,ONGC,EQ,2401228,1158685,48.25
20,985,ONMOBILE,EQ,884710,377244,42.64
20,986,ONWARDTEC,EQ,6620,4523,68.32
20,987,OPTOCIRCUI,EQ,592060,348130,58.80
20,988,ORBITCORP,EQ,91711,48074,52.42
20,989,ORBTEXP,EQ,1529,1006,65.79
20,990,ORCHIDPHAR,EQ,197803,81739,41.32
20,991,ORICONENT,EQ,118153,68494,57.97
20,992,ORIENTABRA,EQ,112784,57474,50.96
20,993,ORIENTBANK,EQ,1917916,332545,17.34
20,994,ORIENTBELL,EQ,9583,8900,92.87
20,995,ORIENTCEM,EQ,6108,4516,73.94
20,996,ORIENTHOT,EQ,17003,11517,67.74
20,997,ORIENTPPR,EQ,18287,11379,62.22
20,998,ORIENTREF,EQ,3132,2098,66.99
20,999,ORISSAMINE,EQ,1277,912,71.42
20,1000,ORTEL,EQ,670,371,55.37
20,1001,ORTINLABSS,EQ,23138,18936,81.84
20,1002,OUDHSUG,EQ,6956,3585,51.54
20,1003,PAEL,EQ,804,3,0.37
20,1004,PAGEIND,EQ,8428,4002,47.48
20,1005,PALREDTECH,EQ,6421,5028,78.31
20,1006,PANACEABIO,EQ,22411,11239,50.15
20,1007,PANAMAPET,EQ,7040,4261,60.53
20,1008,PANORAMUNI,EQ,16857,14618,86.72
20,1009,PAPERPROD,EQ,8546,5979,69.96
20,1010,PARABDRUGS,EQ,85917,52985,61.67
20,1011,PARACABLES,EQ,38345,26622,69.43
20,1012,PARRYSUGAR,EQ,1182,1040,87.99
20,1013,PARSVNATH,EQ,29511,23772,80.55
20,1014,PATELENG,EQ,72210,45132,62.50
20,1015,PATINTLOG,EQ,68279,30031,43.98
20,1016,PBAINFRA,EQ,2519,1460,57.96
20,1017,PCJEWELLER,EQ,93357,47733,51.13
20,1018,PDPL,EQ,26517,15674,59.11
20,1019,PDSMFL,EQ,261,261,100.00
20,1020,PEARLPOLY,EQ,66,66,100.00
20,1021,PEL,EQ,29466,20960,71.13
20,1022,PENIND,EQ,342964,103107,30.06
20,1023,PENINLAND,EQ,33836,23875,70.56
20,1024,PENPEBS,EQ,583,423,72.56
20,1025,PERSISTENT,EQ,42957,31954,74.39
20,1026,PETRONENGG,EQ,328,104,31.71
20,1027,PETRONET,EQ,1324568,606759,45.81
20,1028,PFC,EQ,1485622,582511,39.21
20,1029,PFIZER,EQ,6220,3903,62.75
20,1030,PFOCUS,EQ,119341,104099,87.23
20,1031,PFS,EQ,246247,149986,60.91
20,1032,PGEL,EQ,21426,17824,83.19
20,1033,PGHH,EQ,1697,1411,83.15
20,1034,PGIL,EQ,2989,2618,87.59
20,1035,PHILIPCARB,EQ,40580,22977,56.62
20,1036,PHOENIXLL,EQ,66627,65831,98.81
20,1037,PHOENIXLTD,EQ,966,345,35.71
20,1038,PIDILITIND,EQ,870344,441172,50.69
20,1039,PIIND,EQ,74216,54719,73.73
20,1040,PILITA,EQ,6879,4600,66.87
20,1041,PIONDIST,EQ,23975,15801,65.91
20,1042,PIONEEREMB,EQ,17235,10169,59.00
20,1043,PIPAVAVDOC,EQ,1055386,295244,27.97
20,1044,PIRPHYTO,EQ,16205,15484,95.55
20,1045,PITTILAM,EQ,8973,6737,75.08
20,1046,PKTEA,EQ,133,100,75.19
20,1047,PLASTIBLEN,EQ,13803,7745,56.11
20,1048,PNB,EQ,7213267,1065586,14.77
20,1049,PNBGILTS,EQ,43274,35461,81.95
20,1050,PNC,EQ,3123,1464,46.88
20,1051,PNCINFRA,EQ,1716,963,56.12
20,1052,PNEUMATIC,EQ,308,255,82.79
20,1053,POCHIRAJU,EQ,16816,7714,45.87
20,1054,POLARIS,EQ,95113,49494,52.04
20,1055,POLYMED,EQ,2272,995,43.79
20,1056,POLYPLEX,EQ,1053333,1005889,95.50
20,1057,PONNIERODE,EQ,19830,18600,93.80
20,1058,POWERGRID,EQ,1290367,577926,44.79
20,1059,POWERMECH,EQ,920,675,73.37
20,1060,PPAP,EQ,643,436,67.81
20,1061,PRABHAT,EQ,28388,18091,63.73
20,1062,PRAENG,EQ,12636,8231,65.14
20,1063,PRAJIND,EQ,567807,199798,35.19
20,1064,PRAKASH,EQ,23900,12884,53.91
20,1065,PRAKASHCON,EQ,178029,148126,83.20
20,1066,PRAKASHSTL,EQ,12324,301,2.44
20,1067,PRATIBHA,EQ,177053,103908,58.69
20,1068,PRECAM,EQ,72829,47860,65.72
20,1069,PRECOT,EQ,2578,2178,84.48
20,1070,PRECWIRE,EQ,2052,1863,90.79
20,1071,PREMIER,EQ,3167,2757,87.05
20,1072,PREMIERPOL,EQ,26776,26776,100.00
20,1073,PRESSMN,EQ,4842,4226,87.28
20,1074,PRESTIGE,EQ,1073885,1041984,97.03
20,1075,PRICOL,EQ,1240784,499642,40.27
20,1076,PRIMESECU,EQ,13591,10798,79.45
20,1077,PRISMCEM,EQ,34408,22118,64.28
20,1078,PROVOGE,EQ,116172,86355,74.33
20,1079,PROZONINTU,EQ,34641,25382,73.27
20,1080,PSB,EQ,97056,42933,44.24
20,1081,PSL,EQ,22361,17465,78.10
20,1082,PSUBNKBEES,EQ,1065,846,79.44
20,1083,PTC,EQ,652453,277026,42.46
20,1084,PTL,EQ,21880,14930,68.24
20,1085,PUNJABCHEM,EQ,4001,3876,96.88
20,1086,PUNJLLOYD,EQ,442513,197960,44.74
20,1087,PURVA,EQ,12173,10595,87.04
20,1088,PVP,EQ,43593,32556,74.68
20,1089,PVR,EQ,27604,15055,54.54
20,1090,QGOLDHALF,EQ,314,277,88.22
20,1091,QNIFTY,EQ,13,13,100.00
20,1092,QUICKHEAL,EQ,1696047,236969,13.97
20,1093,RADICO,EQ,180310,80876,44.85
20,1094,RAIN,EQ,201905,150704,74.64
20,1095,RAINBOWPAP,EQ,29,18,62.07
20,1096,RAIREKMOH,EQ,1715,1560,90.96
20,1097,RAJESHEXPO,EQ,258468,70699,27.35
20,1098,RAJOIL,EQ,8801,8801,100.00
20,1099,RAJSREESUG,EQ,3176,2108,66.37
20,1100,RAJTV,EQ,91893,82908,90.22
20,1101,RALLIS,EQ,131144,57963,44.20
20,1102,RAMANEWS,EQ,9920,6728,67.82
20,1103,RAMASTEEL,EQ,2309,687,29.75
20,1104,RAMCOCEM,EQ,9801,5926,60.46
20,1105,RAMCOIND,EQ,11599,7694,66.33
20,1106,RAMCOSYS,EQ,10765,5098,47.36
20,1107,RAMKY,EQ,803320,371819,46.29
20,1108,RANASUG,EQ,38985,34816,89.31
20,1109,RANEENGINE,EQ,25,25,100.00
20,1110,RANEHOLDIN,EQ,109,61,55.96
20,1111,RATNAMANI,EQ,4711,3944,83.72
20,1112,RAYMOND,EQ,7269,3504,48.20
20,1113,RBL,EQ,6452,3408,52.82
20,1114,RCF,EQ,2820279,749513,26.58
20,1115,RCOM,EQ,7826586,1234903,15.78
20,1116,RECLTD,EQ,1102348,375156,34.03
20,1117,RECLTD,N1,5,5,100.00
20,1118,RECLTD,N8,10,10,100.00
20,1119,RECLTD,N9,350,350,100.00
20,1120,RECLTD,NA,46,22,47.83
20,1121,RECLTD,NE,45,45,100.00
20,1122,REDINGTON,EQ,27654,20428,73.87
20,1123,REFEX,EQ,17295,10260,59.32
20,1124,REIAGROLTD,EQ,575214,374814,65.16
20,1125,RELAXO,EQ,3574,1782,49.86
20,1126,RELBANK,EQ,44,27,61.36
20,1127,RELCAPITAL,EQ,2104930,241415,11.47
20,1128,RELCNX100,EQ,28,14,50.00
20,1129,RELCONS,EQ,4,2,50.00
20,1130,RELDIVOPP,EQ,200,200,100.00
20,1131,RELGOLD,EQ,1841,1284,69.74
20,1132,RELIANCE,EQ,2919198,1341258,45.95
20,1133,RELIFIN,N8,25,25,100.00
20,1134,RELIGARE,EQ,2677,1338,49.98
20,1135,RELIGAREGO,EQ,109,93,85.32
20,1136,RELINFRA,EQ,2406802,302726,12.58
20,1137,RELNV20,EQ,2,1,50.00
20,1138,REMSONSIND,EQ,138,134,97.10
20,1139,RENUKA,EQ,1177976,399258,33.89
20,1140,REPCOHOME,EQ,21281,10609,49.85
20,1141,REPRO,EQ,3102,2195,70.76
20,1142,RESPONIND,EQ,48,35,72.92
20,1143,REVATHI,EQ,1577,1394,88.40
20,1144,RICOAUTO,EQ,187130,117051,62.55
20,1145,RIIL,EQ,593262,61909,10.44
20,1146,RJL,EQ,45304,19145,42.26
20,1147,RKDL,EQ,11700,8213,70.20
20,1148,RKFORGE,EQ,10779,7415,68.79
20,1149,RMCL,EQ,40331,20093,49.82
20,1150,RML,EQ,2296,1773,77.22
20,1151,RMMIL,EQ,134554,84391,62.72
20,1152,ROHITFERRO,EQ,131493,62676,47.66
20,1153,ROHLTD,EQ,15138,9184,60.67
20,1154,ROLTA,EQ,284169,106815,37.59
20,1155,ROSSELLIND,EQ,2496,1873,75.04
20,1156,RPGLIFE,EQ,25188,14847,58.94
20,1157,RPOWER,EQ,2544332,505062,19.85
20,1158,RPPINFRA,EQ,110938,71545,64.49
20,1159,RSSOFTWARE,EQ,88175,60270,68.35
20,1160,RSWM,EQ,8480,4680,55.19
20,1161,RSYSTEMS,EQ,3506,2082,59.38
20,1162,RTNINFRA,EQ,15675087,15003770,95.72
20,1163,RTNPOWER,EQ,1046785,649363,62.03
20,1164,RUBYMILLS,EQ,6538,4093,62.60
20,1165,RUCHIRA,EQ,14433,8851,61.32
20,1166,RUCHISOYA,EQ,288270,254715,88.36
20,1167,RUPA,EQ,5210,2604,49.98
20,1168,RUSHIL,EQ,832676,68864,8.27
20,1169,SABTN,EQ,22166,2255,10.17
20,1170,SADBHAV,EQ,75456,41261,54.68
20,1171,SADBHIN,EQ,2810,2257,80.32
20,1172,SAGCEM,EQ,4992,2033,40.73
20,1173,SAIL,EQ,1647780,420171,25.50
20,1174,SAKHTISUG,EQ,99107,45343,45.75
20,1175,SAKSOFT,EQ,12522,8421,67.25
20,1176,SAKUMA,EQ,29922,17650,58.99
20,1177,SALORAINTL,EQ,2276,1934,84.97
20,1178,SALSTEEL,EQ,21951,17642,80.37
20,1179,SALZERELEC,EQ,10660,7613,71.42
20,1180,SAMBHAAV,EQ,6013,5000,83.15
20,1181,SANCO,SM,216000,216000,100.00
20,1182,SANDESH,EQ,3002,1367,45.54
20,1183,SANGAMIND,EQ,36368,24646,67.77
20,1184,SANGHIIND,EQ,58261,34990,60.06
20,1185,SANGHVIFOR,EQ,12657,2830,22.36
20,1186,SANGHVIMOV,EQ,67520,6030,8.93
20,1187,SANOFI,EQ,7453,4634,62.18
20,1188,SANWARIA,EQ,132603,105221,79.35
20,1189,SARDAEN,EQ,2371,2190,92.37
20,1190,SAREGAMA,EQ,10275,7268,70.73
20,1191,SARLAPOLY,EQ,20657,9413,45.57
20,1192,SASKEN,EQ,6002,3269,54.47
20,1193,SATHAISPAT,EQ,19678,17552,89.20
20,1194,SATIN,EQ,2838,2535,89.32
20,1195,SBBJ,EQ,3347,2209,66.00
20,1196,SBIN,EQ,15815058,4217430,26.67
20,1197,SBIN,N3,969,700,72.24
20,1198,SBIN,N5,254,236,92.91
20,1199,SBIN,N6,2,2,100.00
20,1200,SBT,EQ,5632,3382,60.05
20,1201,SCHNEIDER,EQ,29338,17598,59.98
20,1202,SCI,EQ,347944,139294,40.03
20,1203,SDBL,EQ,21044,705,3.35
20,1204,SEAMECLTD,EQ,2742,2387,87.05
20,1205,SEINV,EQ,88,69,78.41
20,1206,SELAN,EQ,38743,13659,35.26
20,1207,SELMCL,EQ,49979,40439,80.91
20,1208,SEPOWER,EQ,835,595,71.26
20,1209,SERVALL,EQ,4985,4985,100.00
20,1210,SESHAPAPER,EQ,43883,43550,99.24
20,1211,SETFGOLD,EQ,2006,1418,70.69
20,1212,SETFNIF50,EQ,9166,9166,100.00
20,1213,SETFNIFBK,EQ,459,139,30.28
20,1214,SEZAL,EQ,2424,1589,65.55
20,1215,SFCL,EQ,16245,15057,92.69
20,1216,SGJHL,EQ,7733,5360,69.31
20,1217,SGL,EQ,2,1,50.00
20,1218,SHAHALLOYS,EQ,1332,1332,100.00
20,1219,SHAKTIPUMP,EQ,11895,9049,76.07
20,1220,SHALPAINTS,EQ,11534,6067,52.60
20,1221,SHANTIGEAR,EQ,35224,21445,60.88
20,1222,SHARDACROP,EQ,3783,3133,82.82
20,1223,SHARDAMOTR,EQ,2097,31,1.48
20,1224,SHARIABEES,EQ,1060,149,14.06
20,1225,SHARONBIO,EQ,162384,98452,60.63
20,1226,SHEMAROO,EQ,17458,10005,57.31
20,1227,SHILPAMED,EQ,40431,24250,59.98
20,1228,SHILPI,EQ,101328,67270,66.39
20,1229,SHIRPUR-G,EQ,12291,1307,10.63
20,1230,SHIVAMAUTO,EQ,95429,37302,39.09
20,1231,SHIVTEX,EQ,17126,11346,66.25
20,1232,SHK,EQ,24413,11836,48.48
20,1233,SHOPERSTOP,EQ,37489,33362,88.99
20,1234,SHREECEM,EQ,9947,9121,91.70
20,1235,SHREEPUSHK,EQ,51185,39718,77.60
20,1236,SHRENUJ,EQ,16056,11641,72.50
20,1237,SHREYAS,EQ,8087,6262,77.43
20,1238,SHRIRAMCIT,EQ,393,232,59.03
20,1239,SHRIRAMCIT,N8,90,90,100.00
20,1240,SHRIRAMCIT,NE,70,70,100.00
20,1241,SHRIRAMCIT,NG,100,100,100.00
20,1242,SHRIRAMEPC,EQ,72560,25372,34.97
20,1243,SHYAMCENT,EQ,2811,2410,85.73
20,1244,SHYAMTEL,EQ,68857,12934,18.78
20,1245,SICAGEN,EQ,4363,2484,56.93
20,1246,SICAL,EQ,4294,3287,76.55
20,1247,SIEMENS,EQ,227743,93471,41.04
20,1248,SIGNET,EQ,863266,269587,31.23
20,1249,SIIL,SM,2000,2000,100.00
20,1250,SILINV,EQ,732,601,82.10
20,1251,SIMPLEX,EQ,3873,2360,60.93
20,1252,SIMPLEXINF,EQ,30833,13979,45.34
20,1253,SINTEX,EQ,1385191,615619,44.44
20,1254,SITICABLE,EQ,697297,278156,39.89
20,1255,SIYSIL,EQ,2340,1920,82.05
20,1256,SJVN,EQ,783037,727822,92.95
20,1257,SKFINDIA,EQ,1493,858,57.47
20,1258,SKIL,EQ,4164,2358,56.63
20,1259,SKIPPER,EQ,20823,12972,62.30
20,1260,SKMEGGPROD,EQ,47598,19116,40.16
20,1261,SKSMICRO,EQ,1251328,434330,34.71
20,1262,SMARTLINK,EQ,178396,54376,30.48
20,1263,SMCSRVRG,MF,1000,1000,100.00
20,1264,SMLISUZU,EQ,42080,26754,63.58
20,1265,SMPL,EQ,60653,45155,74.45
20,1266,SMSPHARMA,EQ,70614,47620,67.44
20,1267,SNOWMAN,EQ,229377,119160,51.95
20,1268,SOBHA,EQ,19171,13174,68.72
20,1269,SOLARINDS,EQ,544,408,75.00
20,1270,SOMANYCERA,EQ,2310,1766,76.45
20,1271,SOMATEX,EQ,650,600,92.31
20,1272,SONASTEER,EQ,48035,31216,64.99
20,1273,SONATSOFTW,EQ,112753,70971,62.94
20,1274,SOTL,EQ,730,543,74.38
20,1275,SOUTHBANK,EQ,1761322,889728,50.51
20,1276,SPARC,EQ,125598,41474,33.02
20,1277,SPECIALITY,EQ,25634,19518,76.14
20,1278,SPENTEX,EQ,22898,16405,71.64
20,1279,SPHEREGSL,EQ,16224,3775,23.27
20,1280,SPIC,EQ,214702,74184,34.55
20,1281,SPICEMOBI,EQ,8206,6564,79.99
20,1282,SPLIL,EQ,3921,2610,66.56
20,1283,SPMLINFRA,EQ,1999,1005,50.28
20,1284,SPYL,EQ,87011,53000,60.91
20,1285,SQSBFSI,EQ,13189,6325,47.96
20,1286,SREINFRA,EQ,473651,138912,29.33
20,1287,SREINFRA,NP,300,300,100.00
20,1288,SRF,EQ,68278,21838,31.98
20,1289,SRHHYPOLTD,EQ,3575,3457,96.70
20,1290,SRIPIPES,EQ,76453,26769,35.01
20,1291,SRSLTD,EQ,236912,126178,53.26
20,1292,SRTRANSFIN,EQ,268169,100675,37.54
20,1293,SRTRANSFIN,NF,100,100,100.00
20,1294,SRTRANSFIN,NI,76,61,80.26
20,1295,SRTRANSFIN,NL,1202,1002,83.36
20,1296,SRTRANSFIN,NM,35,35,100.00
20,1297,SRTRANSFIN,NU,20,20,100.00
20,1298,SRTRANSFIN,NV,210,210,100.00
20,1299,SRTRANSFIN,NW,52,52,100.00
20,1300,SRTRANSFIN,NX,20,20,100.00
20,1301,SRTRANSFIN,Y1,90,90,100.00
20,1302,SRTRANSFIN,Y9,60,60,100.00
20,1303,SSWL,EQ,6108,3633,59.48
20,1304,STAN,DR,9920,4114,41.47
20,1305,STAR,EQ,303069,50301,16.60
20,1306,STARPAPER,EQ,13002,10256,78.88
20,1307,STCINDIA,EQ,92579,46715,50.46
20,1308,STEL,EQ,1819,1318,72.46
20,1309,STERLINBIO,EQ,81825,48794,59.63
20,1310,STERTOOLS,EQ,98,47,47.96
20,1311,STOREONE,EQ,8272,7483,90.46
20,1312,STRTECH,EQ,332672,136837,41.13
20,1313,STYABS,EQ,13145,10692,81.34
20,1314,SUBEX,EQ,2119771,1031981,48.68
20,1315,SUBROS,EQ,21700,9033,41.63
20,1316,SUDAR,EQ,62897,44515,70.77
20,1317,SUDARSCHEM,EQ,23278,17405,74.77
20,1318,SUJANATWR,EQ,83755,55499,66.26
20,1319,SUJANAUNI,EQ,88268,50431,57.13
20,1320,SUMEETINDS,EQ,1096810,311233,28.38
20,1321,SUMMITSEC,EQ,959,631,65.80
20,1322,SUNCLAYLTD,EQ,1585,820,51.74
20,1323,SUNDARAM,EQ,89492,76431,85.41
20,1324,SUNDARMFIN,EQ,19868,14807,74.53
20,1325,SUNDRMBRAK,EQ,1356,1336,98.53
20,1326,SUNDRMFAST,EQ,30109,22828,75.82
20,1327,SUNFLAG,EQ,3222,3071,95.31
20,1328,SUNILHITEC,EQ,24518,18292,74.61
20,1329,SUNPHARMA,EQ,2302969,1198117,52.02
20,1330,SUNTECK,EQ,24519,8718,35.56
20,1331,SUNTV,EQ,430856,141528,32.85
20,1332,SUPERHOUSE,EQ,2521,2275,90.24
20,1333,SUPERSPIN,EQ,17008,12400,72.91
20,1334,SUPPETRO,EQ,10510,8626,82.07
20,1335,SUPRAJIT,EQ,66149,18894,28.56
20,1336,SUPREMEIND,EQ,28340,24176,85.31
20,1337,SUPREMEINF,EQ,31074,15009,48.30
20,1338,SUPREMETEX,EQ,8148,8148,100.00
20,1339,SURANAIND,EQ,33526,16242,48.45
20,1340,SURANASOL,EQ,22687,21132,93.15
20,1341,SURANAT&P,EQ,1770,1769,99.94
20,1342,SURYAJYOTI,EQ,12990,9772,75.23
20,1343,SURYALAXMI,EQ,4909,4380,89.22
20,1344,SURYAROSNI,EQ,111359,35460,31.84
20,1345,SUTLEJTEX,EQ,1591,1268,79.70
20,1346,SUVEN,EQ,723449,251657,34.79
20,1347,SUZLON,EQ,18480250,6558599,35.49
20,1348,SWANENERGY,EQ,237184,36478,15.38
20,1349,SWARAJENG,EQ,1195,923,77.24
20,1350,SWELECTES,EQ,5810,2647,45.56
20,1351,SYMPHONY,EQ,5448,3219,59.09
20,1352,SYNCOM,EQ,458354,266337,58.11
20,1353,SYNDIBANK,EQ,1655769,571517,34.52
20,1354,SYNGENE,EQ,53519,30049,56.15
20,1355,TAINWALCHM,EQ,242,214,88.43
20,1356,TAJGVK,EQ,63523,34115,53.70
20,1357,TAKE,EQ,103033,34264,33.26
20,1358,TALBROAUTO,EQ,6296,4157,66.03
20,1359,TALWALKARS,EQ,25436,5804,22.82
20,1360,TANLA,EQ,261057,171112,65.55
20,1361,TANTIACONS,EQ,12053,6904,57.28
20,1362,TARAJEWELS,EQ,76031,44140,58.06
20,1363,TARAPUR,EQ,3792,3382,89.19
20,1364,TARMAT,EQ,352,206,58.52
20,1365,TATACHEM,EQ,339505,127724,37.62
20,1366,TATACOFFEE,EQ,113909,50236,44.10
20,1367,TATACOMM,EQ,131824,24654,18.70
20,1368,TATAELXSI,EQ,382344,58792,15.38
20,1369,TATAGLOBAL,EQ,1151733,294574,25.58
20,1370,TATAINVEST,EQ,2600,1888,72.62
20,1371,TATAMETALI,EQ,137810,44024,31.95
20,1372,TATAMOTORS,EQ,8699779,4182046,48.07
20,1373,TATAMTRDVR,EQ,819900,315292,38.45
20,1374,TATAPOWER,EQ,1875698,1142691,60.92
20,1375,TATASPONGE,EQ,105006,21497,20.47
20,1376,TATASTEEL,EQ,4810335,430523,8.95
20,1377,TBZ,EQ,48558,31789,65.47
20,1378,TCFSL,N8,5,5,100.00
20,1379,TCI,EQ,59053,26121,44.23
20,1380,TCIDEVELOP,EQ,1906,1521,79.80
20,1381,TCIFINANCE,EQ,29328,13080,44.60
20,1382,TCS,EQ,662442,413311,62.39
20,1383,TDPOWERSYS,EQ,6754,5574,82.53
20,1384,TEAMLEASE,EQ,743284,27148,3.65
20,1385,TECHM,EQ,1155619,502938,43.52
20,1386,TECHNO,EQ,939,444,47.28
20,1387,TECHNOFAB,EQ,3310,2597,78.46
20,1388,TEXINFRA,EQ,539328,344229,63.83
20,1389,TEXMOPIPES,EQ,211395,158637,75.04
20,1390,TEXRAIL,EQ,1227487,535775,43.65
20,1391,TFCILTD,EQ,379737,165194,43.50
20,1392,TGBHOTELS,EQ,27393,4472,16.33
20,1393,THANGAMAYL,EQ,2006,2005,99.95
20,1394,THEMISMED,EQ,362,179,49.45
20,1395,THERMAX,EQ,43388,14494,33.41
20,1396,THIRUSUGAR,EQ,100,100,100.00
20,1397,THOMASCOOK,EQ,39950,19200,48.06
20,1398,TI,EQ,165801,116323,70.16
20,1399,TIDEWATER,EQ,9109,1747,19.18
20,1400,TIIL,EQ,5023,3649,72.65
20,1401,TIL,EQ,9380,6326,67.44
20,1402,TIMESGTY,EQ,500,452,90.40
20,1403,TIMETECHNO,EQ,40532,24517,60.49
20,1404,TIMKEN,EQ,5313,4279,80.54
20,1405,TINPLATE,EQ,39726,21310,53.64
20,1406,TIPSINDLTD,EQ,1006,502,49.90
20,1407,TIRUMALCHM,EQ,9560,7809,81.68
20,1408,TITAN,EQ,873701,357059,40.87
20,1409,TNPETRO,EQ,70172,50175,71.50
20,1410,TNPL,EQ,77193,46961,60.84
20,1411,TOKYOPLAST,EQ,4786,4087,85.39
20,1412,TORNTPHARM,EQ,136956,84080,61.39
20,1413,TORNTPOWER,EQ,514897,254995,49.52
20,1414,TPLPLASTEH,EQ,349,317,90.83
20,1415,TREEHOUSE,EQ,3997589,2310886,57.81
20,1416,TRENT,EQ,649,370,57.01
20,1417,TRF,EQ,26898,13076,48.61
20,1418,TRICOM,EQ,11400,9750,85.53
20,1419,TRIDENT,EQ,751380,290944,38.72
20,1420,TRIGYN,EQ,42649,23214,54.43
20,1421,TRIL,EQ,1646,734,44.59
20,1422,TRITURBINE,EQ,27682,17108,61.80
20,1423,TRIVENI,EQ,247550,102695,41.48
20,1424,TTKHLTCARE,EQ,268,223,83.21
20,1425,TTKPRESTIG,EQ,783,377,48.15
20,1426,TTL,EQ,6700,4872,72.72
20,1427,TTML,EQ,1414046,622737,44.04
20,1428,TUBEINVEST,EQ,43313,37247,85.99
20,1429,TULSI,EQ,6020,6020,100.00
20,1430,TV18BRDCST,EQ,1883959,643408,34.15
20,1431,TVSELECT,EQ,84288,27750,32.92
20,1432,TVSMOTOR,EQ,1015086,410300,40.42
20,1433,TVSSRICHAK,EQ,4071,2014,49.47
20,1434,TVTODAY,EQ,123402,41166,33.36
20,1435,TWL,EQ,4093304,1299669,31.75
20,1436,UBHOLDINGS,EQ,69333,27361,39.46
20,1437,UBL,EQ,69551,21600,31.06
20,1438,UCALFUEL,EQ,5975,4866,81.44
20,1439,UCOBANK,EQ,1873074,250902,13.40
20,1440,UFLEX,EQ,108131,55507,51.33
20,1441,UFO,EQ,3294,2945,89.40
20,1442,UGARSUGAR,EQ,4139,2611,63.08
20,1443,UJAAS,EQ,403921,191944,47.52
20,1444,ULTRACEMCO,EQ,291684,158921,54.48
20,1445,UMANGDAIRY,EQ,2388,1627,68.13
20,1446,UMESLTD,EQ,30,30,100.00
20,1447,UNICHEMLAB,EQ,89248,71468,80.08
20,1448,UNIENTER,EQ,1953,1201,61.50
20,1449,UNIONBANK,EQ,3327515,409499,12.31
20,1450,UNIPLY,EQ,8980,7940,88.42
20,1451,UNITECH,EQ,31740218,11813268,37.22
20,1452,UNITEDBNK,EQ,144317,82448,57.13
20,1453,UNITEDTEA,EQ,60,60,100.00
20,1454,UNITY,EQ,22601,17725,78.43
20,1455,UNIVCABLES,EQ,546,496,90.84
20,1456,UPERGANGES,EQ,5682,5320,93.63
20,1457,UPL,EQ,626194,236020,37.69
20,1458,USHAMART,EQ,384110,283300,73.75
20,1459,USHERAGRO,EQ,23587,9203,39.02
20,1460,UTINIFTETF,EQ,234,234,100.00
20,1461,UTTAMSTL,EQ,35083,19584,55.82
20,1462,UTTAMSUGAR,EQ,7668,4672,60.93
20,1463,UTTAMVALUE,EQ,139356,109488,78.57
20,1464,V2RETAIL,EQ,59132,29000,49.04
20,1465,VADILALIND,EQ,7358,878,11.93
20,1466,VAIBHAVGBL,EQ,4774,2995,62.74
20,1467,VAKRANGEE,EQ,1178995,732387,62.12
20,1468,VALECHAENG,EQ,35137,16643,47.37
20,1469,VALUEIND,EQ,9479,4637,48.92
20,1470,VARDHACRLC,EQ,6714,6653,99.09
20,1471,VARDMNPOLY,EQ,227,225,99.12
20,1472,VASCONEQ,EQ,122630,74548,60.79
20,1473,VASWANI,EQ,20,20,100.00
20,1474,VEDL,EQ,12623508,1704826,13.51
20,1475,VENKEYS,EQ,4251,2537,59.68
20,1476,VENUSREM,EQ,42634,20589,48.29
20,1477,VESUVIUS,EQ,709,567,79.97
20,1478,VETO,EQ,11244,5191,46.17
20,1479,VGUARD,EQ,3841,3325,86.57
20,1480,VHL,EQ,10,10,100.00
20,1481,VICEROY,EQ,22413,7914,35.31
20,1482,VIDEOIND,EQ,41199,11526,27.98
20,1483,VIJAYABANK,EQ,191218,103508,54.13
20,1484,VIJSHAN,EQ,5166,4019,77.80
20,1485,VIKASECO,EQ,3676992,1336027,36.33
20,1486,VIMALOIL,EQ,2727,692,25.38
20,1487,VIMTALABS,EQ,8128,5490,67.54
20,1488,VINATIORGA,EQ,124736,13880,11.13
20,1489,VINDHYATEL,EQ,8806,7372,83.72
20,1490,VINYLINDIA,EQ,12144,9624,79.25
20,1491,VIPIND,EQ,97990,37408,38.18
20,1492,VIPULLTD,EQ,1212,1212,100.00
20,1493,VISAKAIND,EQ,19470,14193,72.90
20,1494,VISASTEEL,EQ,6230,3950,63.40
20,1495,VISHNU,EQ,5808,3601,62.00
20,1496,VISUINTL,EQ,250,250,100.00
20,1497,VIVIDHA,EQ,62575,44350,70.87
20,1498,VIVIMEDLAB,EQ,20644,8207,39.75
20,1499,VKSPL,EQ,1000,1000,100.00
20,1500,VLSFINANCE,EQ,5502,3622,65.83
20,1501,VMART,EQ,776,462,59.54
20,1502,VOLTAMP,EQ,1574,1056,67.09
20,1503,VOLTAS,EQ,758935,176186,23.21
20,1504,VRLLOG,EQ,50969,29688,58.25
20,1505,VSSL,EQ,841,616,73.25
20,1506,VSTIND,EQ,1199,963,80.32
20,1507,VSTTILLERS,EQ,1253,860,68.64
20,1508,VTL,EQ,11305,6932,61.32
20,1509,WABAG,EQ,51264,38618,75.33
20,1510,WABCOINDIA,EQ,1171,896,76.52
20,1511,WALCHANNAG,EQ,167693,37950,22.63
20,1512,WEBELSOLAR,EQ,8981,6962,77.52
20,1513,WEIZFOREX,EQ,5368,5160,96.13
20,1514,WEIZMANIND,EQ,454,403,88.77
20,1515,WELCORP,EQ,132204,56655,42.85
20,1516,WELENT,EQ,92195,81892,88.82
20,1517,WELINV,EQ,111,105,94.59
20,1518,WELSPUNIND,EQ,129829,116670,89.86
20,1519,WENDT,EQ,8,8,100.00
20,1520,WHEELS,EQ,1235,678,54.90
20,1521,WHIRLPOOL,EQ,26868,8088,30.10
20,1522,WILLAMAGOR,EQ,5791,3936,67.97
20,1523,WINDMACHIN,EQ,27123,17571,64.78
20,1524,WIPRO,EQ,847687,353248,41.67
20,1525,WOCKPHARMA,EQ,1502735,185754,12.36
20,1526,WONDERLA,EQ,44149,17393,39.40
20,1527,WSTCSTPAPR,EQ,16187,12499,77.22
20,1528,XCHANGING,EQ,5686,3109,54.68
20,1529,XLENERGY,EQ,500,500,100.00
20,1530,XPROINDIA,EQ,13378,9448,70.62
20,1531,YESBANK,EQ,1729795,560108,32.38
20,1532,ZANDUREALT,EQ,1624,730,44.95
20,1533,ZEEL,EQ,1437597,782115,54.40
20,1534,ZEEL,P1,7524,5524,73.42
20,1535,ZEELEARN,EQ,31715,18235,57.50
20,1536,ZEEMEDIA,EQ,187203,113472,60.61
20,1537,ZENITHBIR,EQ,3178,3076,96.79
20,1538,ZENSARTECH,EQ,16422,8974,54.65
20,1539,ZENTEC,EQ,88671,56921,64.19
20,1540,ZICOM,EQ,72279,41318,57.16
20,1541,ZODIACLOTH,EQ,153,118,77.12
20,1542,ZUARI,EQ,2317,1853,79.97
20,1543,ZUARIGLOB,EQ,1641,1174,71.54
20,1544,ZYDUSWELL,EQ,3029,2035,67.18
