Security Wise Delivery Position - Compulsory Rolling Settlement
10,MTO,23032016,326615791,0001588
Trade Date <23-MAR-2016>,Settlement Type <N>,Settlement No <2016057>,Settlement Date <29-MAR-2016>
Record Type,Sr No,Name of Security,Quantity Traded,Deliverable Quantity(gross across client level),% of Deliverable Quantity to Traded Quantity
20,1,20MICRONS,EQ,2890,1714,59.31
20,2,3IINFOTECH,EQ,1055428,556602,52.74
20,3,3MINDIA,EQ,404,337,83.42
20,4,8KMILES,EQ,63287,21214,33.52
20,5,A2ZINFRA,EQ,767393,489956,63.85
20,6,AARTIDRUGS,EQ,4897,3784,77.27
20,7,AARTIIND,EQ,11785,8297,70.40
20,8,AARVEEDEN,EQ,385,304,78.96
20,9,ABAN,EQ,1084969,185445,17.09
20,10,ABB,EQ,105061,35983,34.25
20,11,ABBOTINDIA,EQ,3154,1383,43.85
20,12,ABFRL,EQ,555721,355200,63.92
20,13,ABGSHIP,EQ,545883,110529,20.25
20,14,ABIRLANUVO,EQ,551338,126573,22.96
20,15,ACC,EQ,348767,139124,39.89
20,16,ACCELYA,EQ,2778,2394,86.18
20,17,ACE,EQ,334052,185841,55.63
20,18,ACROPETAL,EQ,9819,8478,86.34
20,19,ADANIENT,EQ,5032482,1305782,25.95
20,20,ADANIPORTS,EQ,2083410,930568,44.67
20,21,ADANIPOWER,EQ,3209287,835953,26.05
20,22,ADANITRANS,EQ,757650,406859,53.70
20,23,ADFFOODS,EQ,7660,3338,43.58
20,24,ADHUNIK,EQ,21687,16952,78.17
20,25,ADI,EQ,1708,823,48.19
20,26,ADLABS,EQ,66176,45276,68.42
20,27,ADORWELD,EQ,10803,8106,75.03
20,28,ADSL,EQ,111880,54624,48.82
20,29,ADVANIHOTR,EQ,4285,4115,96.03
20,30,ADVANTA,EQ,16970,8525,50.24
20,31,AEGISCHEM,EQ,164988,111511,67.59
20,32,AFL,EQ,28569,23789,83.27
20,33,AGARIND,EQ,28490,16205,56.88
20,34,AGCNET,EQ,2870,1890,65.85
20,35,AGRITECH,EQ,45,45,100.00
20,36,AGRODUTCH,EQ,4800,2650,55.21
20,37,AHLEAST,EQ,147,145,98.64
20,38,AHLUCONT,EQ,25279,16122,63.78
20,39,AHLWEST,EQ,93,92,98.92
20,40,AIAENG,EQ,34102,22307,65.41
20,41,AIFL,EQ,70824,39143,55.27
20,42,AIL,EQ,9419,6997,74.29
20,43,AJANTPHARM,EQ,125542,21217,16.90
20,44,AJMERA,EQ,28052,13095,46.68
20,45,AKSHOPTFBR,EQ,375473,238433,63.50
20,46,AKZOINDIA,EQ,165644,163624,98.78
20,47,ALANKIT,EQ,936819,173631,18.53
20,48,ALBK,EQ,1306895,149771,11.46
20,49,ALCHEM,EQ,6145,6066,98.71
20,50,ALEMBICLTD,EQ,139363,51538,36.98
20,51,ALICON,EQ,4585,3332,72.67
20,52,ALKALI,EQ,2530,1883,74.43
20,53,ALKEM,EQ,61753,49412,80.02
20,54,ALKYLAMINE,EQ,678,455,67.11
20,55,ALLCARGO,EQ,58124,34716,59.73
20,56,ALLSEC,EQ,9805,7359,75.05
20,57,ALMONDZ,EQ,10,10,100.00
20,58,ALOKTEXT,EQ,7193067,2528612,35.15
20,59,ALPHAGEO,EQ,72413,69694,96.25
20,60,ALPSINDUS,EQ,14593,10667,73.10
20,61,ALSTOMT&D,EQ,68517,46095,67.28
20,62,AMARAJABAT,EQ,49414,15907,32.19
20,63,AMBIKCO,EQ,2567,1842,71.76
20,64,AMBUJACEM,EQ,2525210,1368311,54.19
20,65,AMDIND,EQ,145303,79505,54.72
20,66,AMRUTANJAN,EQ,9341,3073,32.90
20,67,AMTEKAUTO,EQ,991824,537736,54.22
20,68,AMTL,EQ,6495,4681,72.07
20,69,ANANDAMRUB,EQ,1,1,100.00
20,70,ANANTRAJ,EQ,338776,200846,59.29
20,71,ANDHRABANK,EQ,1793622,418871,23.35
20,72,ANDHRACEMT,EQ,82450,71573,86.81
20,73,ANDHRSUGAR,EQ,94766,29586,31.22
20,74,ANGIND,EQ,115585,90261,78.09
20,75,ANKITMETAL,EQ,100369,72745,72.48
20,76,ANSALAPI,EQ,56131,28698,51.13
20,77,ANSALHSG,EQ,9357,7847,83.86
20,78,APARINDS,EQ,15903,6177,38.84
20,79,APCOTEXIND,EQ,46356,15531,33.50
20,80,APLAPOLLO,EQ,10259,9132,89.01
20,81,APLLTD,EQ,166128,136046,81.89
20,82,APOLLOHOSP,EQ,188225,107586,57.16
20,83,APOLLOTYRE,EQ,2239435,702615,31.37
20,84,APOLSINHOT,EQ,51,25,49.02
20,85,APTECHT,EQ,382821,114353,29.87
20,86,ARCHIDPLY,EQ,32769,17250,52.64
20,87,ARCHIES,EQ,39729,28621,72.04
20,88,ARCOTECH,EQ,247819,8643,3.49
20,89,ARIES,EQ,16898,7595,44.95
20,90,AROGRANITE,EQ,2403,2239,93.18
20,91,ARROWCOAT,EQ,6548,5121,78.21
20,92,ARROWTEX,EQ,55516,24123,43.45
20,93,ARSHIYA,EQ,43551,31569,72.49
20,94,ARSSINFRA,EQ,180922,67455,37.28
20,95,ARVIND,EQ,1351937,394339,29.17
20,96,ARVINFRA,EQ,25910,13599,52.49
20,97,ASAHIINDIA,EQ,126514,88260,69.76
20,98,ASAHISONG,EQ,14235,5731,40.26
20,99,ASAL,EQ,1056,901,85.32
20,100,ASHAPURMIN,EQ,56872,36533,64.24
20,101,ASHIANA,EQ,20378,15446,75.80
20,102,ASHIMASYN,EQ,11621,7214,62.08
20,103,ASHOKA,EQ,127469,45784,35.92
20,104,ASHOKLEY,EQ,16253835,4550597,28.00
20,105,ASIANHOTNR,EQ,487,233,47.84
20,106,ASIANPAINT,EQ,917099,574421,62.63
20,107,ASIANTILES,EQ,4653,3025,65.01
20,108,ASSAMCO,EQ,340150,212337,62.42
20,109,ASTEC,EQ,31338,14323,45.70
20,110,ASTRAL,EQ,45257,42184,93.21
20,111,ASTRAMICRO,EQ,394045,169149,42.93
20,112,ASTRAZEN,EQ,72172,17808,24.67
20,113,ATFL,EQ,2192,2080,94.89
20,114,ATLANTA,EQ,13812,10591,76.68
20,115,ATLASCYCLE,EQ,36036,5470,15.18
20,116,ATUL,EQ,9965,8506,85.36
20,117,ATULAUTO,EQ,35407,16611,46.91
20,118,AURIONPRO,EQ,20237,16055,79.33
20,119,AUROPHARMA,EQ,1517858,742707,48.93
20,120,AUSOMENT,EQ,10,5,50.00
20,121,AUSTRAL,EQ,321961,236036,73.31
20,122,AUTOAXLES,EQ,3579,2812,78.57
20,123,AUTOIND,EQ,17035,7092,41.63
20,124,AUTOLITIND,EQ,1848,1024,55.41
20,125,AVANTIFEED,EQ,10081,6794,67.39
20,126,AVTNPL,EQ,33375,26645,79.84
20,127,AXISBANK,EQ,5018310,2142751,42.70
20,128,AXISCADES,EQ,1367313,323681,23.67
20,129,AXISGOLD,EQ,132,99,75.00
20,130,AYMSYNTEX,EQ,24176,16482,68.18
20,131,BAFNAPHARM,EQ,113347,65618,57.89
20,132,BAGFILMS,EQ,41752,37224,89.16
20,133,BAJAJ-AUTO,EQ,258677,133577,51.64
20,134,BAJAJCORP,EQ,33715,26554,78.76
20,135,BAJAJELEC,EQ,120101,59654,49.67
20,136,BAJAJFINSV,EQ,94970,48534,51.10
20,137,BAJAJHIND,EQ,4869295,2060513,42.32
20,138,BAJAJHLDNG,EQ,5645,3985,70.59
20,139,BAJFINANCE,EQ,124594,61773,49.58
20,140,BALAJITELE,EQ,177329,64107,36.15
20,141,BALAMINES,EQ,47353,25458,53.76
20,142,BALKRISIND,EQ,8932,5715,63.98
20,143,BALLARPUR,EQ,2913249,2197291,75.42
20,144,BALMLAWRIE,EQ,19948,13107,65.71
20,145,BALPHARMA,EQ,176916,59488,33.62
20,146,BALRAMCHIN,EQ,3327233,1326620,39.87
20,147,BANARBEADS,EQ,1190,1090,91.60
20,148,BANARISUG,EQ,944,642,68.01
20,149,BANCOINDIA,EQ,47575,28707,60.34
20,150,BANG,EQ,25,25,100.00
20,151,BANKBARODA,EQ,6452849,2462411,38.16
20,152,BANKBEES,EQ,1755,305,17.38
20,153,BANKINDIA,EQ,1658447,444185,26.78
20,154,BANSWRAS,EQ,3296,3295,99.97
20,155,BARTRONICS,EQ,34241,26014,75.97
20,156,BASF,EQ,38343,27269,71.12
20,157,BASML,EQ,1094,1094,100.00
20,158,BATAINDIA,EQ,432287,126050,29.16
20,159,BAYERCROP,EQ,20102,7096,35.30
20,160,BBL,EQ,69513,21336,30.69
20,161,BBTC,EQ,104442,26498,25.37
20,162,BEARDSELL,EQ,287,287,100.00
20,163,BEDMUTHA,EQ,672,652,97.02
20,164,BEL,EQ,295361,78243,26.49
20,165,BEML,EQ,362129,141493,39.07
20,166,BEPL,EQ,178853,161994,90.57
20,167,BERGEPAINT,EQ,103117,74864,72.60
20,168,BFINVEST,EQ,51506,9286,18.03
20,169,BFUTILITIE,EQ,604335,91037,15.06
20,170,BGRENERGY,EQ,522007,157641,30.20
20,171,BHAGERIA,EQ,250,250,100.00
20,172,BHAGYNAGAR,EQ,3872,3592,92.77
20,173,BHARATFORG,EQ,667883,251932,37.72
20,174,BHARATGEAR,EQ,14542,9855,67.77
20,175,BHARATIDIL,EQ,11882,8679,73.04
20,176,BHARATRAS,EQ,2944,2771,94.12
20,177,BHARTIARTL,EQ,4611410,3063723,66.44
20,178,BHEL,EQ,6089881,1949731,32.02
20,179,BHUSANSTL,EQ,709469,245683,34.63
20,180,BIL,EQ,6837,1021,14.93
20,181,BILPOWER,EQ,6800,6800,100.00
20,182,BINANIIND,EQ,25511,12541,49.16
20,183,BINDALAGRO,EQ,20794,13937,67.02
20,184,BIOCON,EQ,164512,56648,34.43
20,185,BIRLACORPN,EQ,2921,1627,55.70
20,186,BIRLACOT,EQ,194044,194044,100.00
20,187,BIRLAMONEY,EQ,15057,10492,69.68
20,188,BLBLIMITED,EQ,2885,1928,66.83
20,189,BLISSGVS,EQ,96910,44559,45.98
20,190,BLKASHYAP,EQ,160965,103271,64.16
20,191,BLUEBLENDS,EQ,130830,11575,8.85
20,192,BLUEDART,EQ,10781,8057,74.73
20,193,BLUESTARCO,EQ,48561,33436,68.85
20,194,BLUESTINFO,EQ,3559,2650,74.46
20,195,BODALCHEM,EQ,810136,310671,38.35
20,196,BOMDYEING,EQ,328616,174568,53.12
20,197,BOSCHLTD,EQ,35765,15184,42.45
20,198,BPCL,EQ,1164311,645460,55.44
20,199,BPL,EQ,22389,14751,65.89
20,200,BRFL,EQ,624193,234739,37.61
20,201,BRIGADE,EQ,4869,3765,77.33
20,202,BRITANNIA,EQ,108483,65522,60.40
20,203,BROOKS,EQ,118941,51804,43.55
20,204,BSELINFRA,EQ,578775,533410,92.16
20,205,BSL,EQ,83772,38879,46.41
20,206,BSLGOLDETF,EQ,22,16,72.73
20,207,BSLIMITED,EQ,765442,608828,79.54
20,208,BSLNIFTY,EQ,634,536,84.54
20,209,BURNPUR,EQ,347431,219208,63.09
20,210,BUTTERFLY,EQ,23349,14218,60.89
20,211,BVCL,EQ,3800,2862,75.32
20,212,BYKE,EQ,154594,32593,21.08
20,213,CADILAHC,EQ,4389379,1534103,34.95
20,214,CAIRN,EQ,4430904,2192404,49.48
20,215,CALSOFT,EQ,127,127,100.00
20,216,CAMLINFINE,EQ,110926,37539,33.84
20,217,CANBK,EQ,2199250,584477,26.58
20,218,CANDC,EQ,13483,12262,90.94
20,219,CANFINHOME,EQ,40871,24446,59.81
20,220,CANTABIL,EQ,1297,945,72.86
20,221,CAPF,EQ,100346,65105,64.88
20,222,CAPLIPOINT,EQ,6150,3846,62.54
20,223,CARBORUNIV,EQ,27452,23371,85.13
20,224,CAREERP,EQ,37705,10646,28.23
20,225,CARERATING,EQ,14336,12193,85.05
20,226,CASTEXTECH,EQ,4871152,2388240,49.03
20,227,CASTROLIND,EQ,160242,91989,57.41
20,228,CCCL,EQ,4711,4610,97.86
20,229,CCHHL,EQ,50394,45559,90.41
20,230,CCL,EQ,30478,19143,62.81
20,231,CEATLTD,EQ,295183,51966,17.60
20,232,CEBBCO,EQ,27028,22524,83.34
20,233,CELEBRITY,EQ,19080,17376,91.07
20,234,CELESTIAL,EQ,30818,21868,70.96
20,235,CENTENKA,EQ,29748,12571,42.26
20,236,CENTEXT,EQ,9951,5351,53.77
20,237,CENTRALBK,EQ,435466,255339,58.64
20,238,CENTUM,EQ,4177,2461,58.92
20,239,CENTURYPLY,EQ,139049,97867,70.38
20,240,CENTURYTEX,EQ,1041946,118218,11.35
20,241,CERA,EQ,2415,1659,68.70
20,242,CEREBRAINT,EQ,801680,399658,49.85
20,243,CESC,EQ,351294,139631,39.75
20,244,CGCL,EQ,1006,668,66.40
20,245,CHAMBLFERT,EQ,94575,58673,62.04
20,246,CHEMFALKAL,EQ,202,100,49.50
20,247,CHENNPETRO,EQ,1467927,436611,29.74
20,248,CHOLAFIN,EQ,213070,206550,96.94
20,249,CHROMATIC,EQ,294716,199712,67.76
20,250,CIGNITITEC,EQ,32728,26026,79.52
20,251,CIMMCO,EQ,73210,29270,39.98
20,252,CINELINE,EQ,11733,11227,95.69
20,253,CINEVISTA,EQ,10799,7999,74.07
20,254,CIPLA,EQ,1361735,845204,62.07
20,255,CLNINDIA,EQ,8214,5536,67.40
20,256,CNOVAPETRO,EQ,21,21,100.00
20,257,COALINDIA,EQ,2712299,1756212,64.75
20,258,COFFEEDAY,EQ,30969,21952,70.88
20,259,COLPAL,EQ,387269,259465,67.00
20,260,COMPUSOFT,EQ,690,620,89.86
20,261,CONCOR,EQ,120198,63049,52.45
20,262,CONSOFINVT,EQ,13713,2325,16.95
20,263,CORDSCABLE,EQ,11546,11031,95.54
20,264,COROMANDEL,EQ,311573,282064,90.53
20,265,CORPBANK,EQ,90615,48099,53.08
20,266,COSMOFILMS,EQ,89740,57041,63.56
20,267,COUNCODOS,EQ,3449,2449,71.01
20,268,COX&KINGS,EQ,170403,92696,54.40
20,269,CPSEETF,EQ,197446,192368,97.43
20,270,CREATIVEYE,EQ,5355,4360,81.42
20,271,CREST,EQ,550,550,100.00
20,272,CRISIL,EQ,13025,11542,88.61
20,273,CROMPGREAV,EQ,10999454,5381290,48.92
20,274,CTE,EQ,22029,18196,82.60
20,275,CUB,EQ,273351,218584,79.96
20,276,CUMMINSIND,EQ,217856,132695,60.91
20,277,CURATECH,EQ,800,800,100.00
20,278,CYBERTECH,EQ,4274,3252,76.09
20,279,CYIENT,EQ,11408,7103,62.26
20,280,DAAWAT,EQ,13803,10490,76.00
20,281,DABUR,EQ,519794,319105,61.39
20,282,DALMIABHA,EQ,37140,25964,69.91
20,283,DALMIASUG,EQ,412490,216925,52.59
20,284,DATAMATICS,EQ,12209,7555,61.88
20,285,DBCORP,EQ,23060,13421,58.20
20,286,DBREALTY,EQ,149780,60997,40.72
20,287,DBSTOCKBRO,EQ,6167,151,2.45
20,288,DCBBANK,EQ,498514,295946,59.37
20,289,DCM,EQ,63693,41548,65.23
20,290,DCMSHRIRAM,EQ,36279,27505,75.82
20,291,DCW,EQ,402290,205628,51.11
20,292,DECCANCE,EQ,4580,3372,73.62
20,293,DEEPAKFERT,EQ,163236,154863,94.87
20,294,DEEPAKNTR,EQ,23797,17454,73.35
20,295,DEEPIND,EQ,148054,61673,41.66
20,296,DELTACORP,EQ,626400,251794,40.20
20,297,DELTAMAGNT,EQ,50,50,100.00
20,298,DEN,EQ,57790,23909,41.37
20,299,DENABANK,EQ,212087,100436,47.36
20,300,DENORA,EQ,15709,12380,78.81
20,301,DHAMPURSUG,EQ,1378940,444392,32.23
20,302,DHANBANK,EQ,325585,238067,73.12
20,303,DHANUKA,EQ,12115,11531,95.18
20,304,DHARSUGAR,EQ,28805,16856,58.52
20,305,DHFL,EQ,897190,254284,28.34
20,306,DHUNINV,EQ,2772,1047,37.77
20,307,DIAPOWER,EQ,33657,27655,82.17
20,308,DICIND,EQ,12848,11758,91.52
20,309,DIGJAM,EQ,158703,122084,76.93
20,310,DISHMAN,EQ,787548,186368,23.66
20,311,DISHTV,EQ,4411081,2487464,56.39
20,312,DIVISLAB,EQ,519608,332479,63.99
20,313,DLF,EQ,10136686,1772268,17.48
20,314,DLINKINDIA,EQ,116597,66711,57.22
20,315,DOLPHINOFF,EQ,104379,27691,26.53
20,316,DONEAR,EQ,74504,49529,66.48
20,317,DPL,EQ,116143,104762,90.20
20,318,DPSCLTD,EQ,68759,42581,61.93
20,319,DQE,EQ,47205,37327,79.07
20,320,DREDGECORP,EQ,110070,23503,21.35
20,321,DRREDDY,EQ,404981,161219,39.81
20,322,DSKULKARNI,EQ,33887,26144,77.15
20,323,DSSL,EQ,39,39,100.00
20,324,DTIL,EQ,3634,3318,91.30
20,325,DWARKESH,EQ,124874,47026,37.66
20,326,DYNAMATECH,EQ,2078,1238,59.58
20,327,DYNATECH,EQ,76252,52050,68.26
20,328,EASTSILK,EQ,8500,8500,100.00
20,329,EASUNREYRL,EQ,31372,28373,90.44
20,330,EBANK,EQ,300,0,0.00
20,331,ECEIND,EQ,1082,468,43.25
20,332,ECLERX,EQ,66236,55987,84.53
20,333,ECLFINANCE,N1,623,603,96.79
20,334,ECLFINANCE,N2,200,200,100.00
20,335,ECLFINANCE,N3,271,251,92.62
20,336,ECLFINANCE,N5,387,387,100.00
20,337,ECLFINANCE,N6,150,150,100.00
20,338,ECLFINANCE,NB,122,120,98.36
20,339,ECLFINANCE,ND,100,100,100.00
20,340,EDELWEISS,EQ,1434217,531869,37.08
20,341,EDL,EQ,52158,29502,56.56
20,342,EDUCOMP,EQ,469053,229536,48.94
20,343,EICHERMOT,EQ,45827,15253,33.28
20,344,EIDPARRY,EQ,689208,312879,45.40
20,345,EIHAHOTELS,EQ,618,210,33.98
20,346,EIHOTEL,EQ,213800,210033,98.24
20,347,EKC,EQ,101709,55613,54.68
20,348,ELAND,EQ,84669,61072,72.13
20,349,ELECON,EQ,104231,61009,58.53
20,350,ELECTCAST,EQ,150773,92070,61.07
20,351,ELECTHERM,EQ,3870,510,13.18
20,352,ELGIEQUIP,EQ,5209,2141,41.10
20,353,ELGIRUBCO,EQ,6289,5288,84.08
20,354,EMAMIINFRA,EQ,1344,1237,92.04
20,355,EMAMILTD,EQ,166572,132281,79.41
20,356,EMCO,EQ,90624,28343,31.28
20,357,EMKAY,EQ,6355,4425,69.63
20,358,EMMBI,EQ,26828,16225,60.48
20,359,ENERGYDEV,EQ,724150,335640,46.35
20,360,ENGINERSIN,EQ,277195,127857,46.13
20,361,ENIL,EQ,5984,3826,63.94
20,362,EON,EQ,6632,6012,90.65
20,363,EROSMEDIA,EQ,740651,398737,53.84
20,364,ESABINDIA,EQ,1968,894,45.43
20,365,ESCORTS,EQ,1035095,311924,30.13
20,366,ESL,EQ,195645,109454,55.95
20,367,ESSARSHPNG,EQ,8265,6543,79.17
20,368,ESSDEE,EQ,129945,69142,53.21
20,369,ESSELPACK,EQ,44709,27092,60.60
20,370,ESTER,EQ,86174,36474,42.33
20,371,EUROCERA,EQ,7130,7130,100.00
20,372,EUROTEXIND,EQ,3156,1011,32.03
20,373,EVEREADY,EQ,55671,46120,82.84
20,374,EVERESTIND,EQ,8921,4859,54.47
20,375,EVERONN,EQ,29391,20195,68.71
20,376,EXCEL,EQ,2116,1182,55.86
20,377,EXCELCROP,EQ,10821,4713,43.55
20,378,EXCELINDUS,EQ,55010,19378,35.23
20,379,EXIDEIND,EQ,263920,89932,34.08
20,380,FACT,EQ,29646,15157,51.13
20,381,FAGBEARING,EQ,12100,10488,86.68
20,382,FARMAXIND,EQ,278487,265308,95.27
20,383,FCEL,EQ,4875933,3157163,64.75
20,384,FCL,EQ,567884,387108,68.17
20,385,FCSSOFT,EQ,161139,97103,60.26
20,386,FDC,EQ,15875,7593,47.83
20,387,FEDDERLOYD,EQ,82801,43788,52.88
20,388,FEDERALBNK,EQ,3223033,2370786,73.56
20,389,FIEMIND,EQ,60394,34071,56.41
20,390,FILATEX,EQ,131120,129200,98.54
20,391,FINANTECH,EQ,298361,164048,54.98
20,392,FINCABLES,EQ,32963,13802,41.87
20,393,FINPIPE,EQ,86151,64740,75.15
20,394,FLEXITUFF,EQ,28224,7611,26.97
20,395,FLFL,EQ,31208,19162,61.40
20,396,FMGOETZE,EQ,1489,1117,75.02
20,397,FMNL,EQ,26011,22092,84.93
20,398,FORTIS,EQ,629339,224110,35.61
20,399,FOSECOIND,EQ,258,192,74.42
20,400,FOURTHDIM,SM,16000,12000,75.00
20,401,FRL,EQ,112328,17858,15.90
20,402,FRLDVR,EQ,404,400,99.01
20,403,FSL,EQ,1216861,814255,66.91
20,404,GABRIEL,EQ,738634,196480,26.60
20,405,GAEL,EQ,92957,48210,51.86
20,406,GAIL,EQ,880325,507965,57.70
20,407,GAL,EQ,85953,35234,40.99
20,408,GALLANTT,BL,655000,655000,100.00
20,409,GALLANTT,EQ,5841,5115,87.57
20,410,GALLISPAT,EQ,52659,14721,27.96
20,411,GAMMNINFRA,EQ,690074,305032,44.20
20,412,GAMMONIND,EQ,3402961,1068860,31.41
20,413,GANDHITUBE,EQ,59,59,100.00
20,414,GANECOS,EQ,19474,8376,43.01
20,415,GANESHHOUC,EQ,4570,2856,62.49
20,416,GARDENSILK,EQ,11071,8173,73.82
20,417,GARWALLROP,EQ,15002,11333,75.54
20,418,GATI,EQ,528022,209664,39.71
20,419,GAYAPROJ,EQ,18423,9789,53.13
20,420,GDL,EQ,1481435,1412332,95.34
20,421,GEECEE,EQ,6739,5346,79.33
20,422,GEMINI,EQ,26727,18314,68.52
20,423,GENESYS,EQ,1440,1029,71.46
20,424,GENUSPAPER,EQ,39599,38878,98.18
20,425,GENUSPOWER,EQ,770111,419058,54.42
20,426,GEOJITBNPP,EQ,111307,82565,74.18
20,427,GEOMETRIC,EQ,1162908,346107,29.76
20,428,GESHIP,EQ,254047,238687,93.95
20,429,GHCL,EQ,400224,195164,48.76
20,430,GICHSGFIN,EQ,341366,78410,22.97
20,431,GILLANDERS,EQ,3078,3004,97.60
20,432,GILLETTE,EQ,3335,1987,59.58
20,433,GINNIFILA,EQ,64979,54747,84.25
20,434,GIPCL,EQ,17695,13928,78.71
20,435,GITANJALI,EQ,185648,77256,41.61
20,436,GKWLIMITED,EQ,34,18,52.94
20,437,GLAXO,EQ,23748,13391,56.39
20,438,GLENMARK,EQ,383190,189896,49.56
20,439,GLOBALVECT,EQ,15683,7664,48.87
20,440,GLOBOFFS,EQ,51014,21367,41.88
20,441,GLOBUSSPR,EQ,21060,15117,71.78
20,442,GMBREW,EQ,31150,13431,43.12
20,443,GMDCLTD,EQ,177297,94556,53.33
20,444,GMRINFRA,EQ,8502218,3676267,43.24
20,445,GNFC,EQ,94977,35202,37.06
20,446,GOACARBON,EQ,8967,4917,54.83
20,447,GOCLCORP,EQ,804,804,100.00
20,448,GODFRYPHLP,EQ,157772,44431,28.16
20,449,GODREJCP,EQ,187922,98717,52.53
20,450,GODREJIND,EQ,138810,48068,34.63
20,451,GODREJPROP,EQ,100131,68025,67.94
20,452,GOKEX,EQ,114717,83900,73.14
20,453,GOKUL,EQ,4025,3230,80.25
20,454,GOLDBEES,EQ,8596,5404,62.87
20,455,GOLDENTOBC,EQ,3587,2614,72.87
20,456,GOLDIAM,EQ,3211,2131,66.37
20,457,GOLDINFRA,EQ,21350,21340,99.95
20,458,GOLDSHARE,EQ,1087,451,41.49
20,459,GOLDTECH,EQ,36,36,100.00
20,460,GOODLUCK,EQ,14599,10053,68.86
20,461,GPIL,EQ,9545,5715,59.87
20,462,GPPL,EQ,367638,202879,55.18
20,463,GRANULES,EQ,822017,314843,38.30
20,464,GRAPHITE,EQ,524053,140091,26.73
20,465,GRASIM,EQ,81388,34659,42.58
20,466,GRAVITA,EQ,1120532,533816,47.64
20,467,GREAVESCOT,EQ,127401,48090,37.75
20,468,GREENFIRE,EQ,5251,3749,71.40
20,469,GREENLAM,EQ,518,320,61.78
20,470,GREENPLY,EQ,10780,8717,80.86
20,471,GREENPOWER,EQ,555172,330277,59.49
20,472,GRINDWELL,EQ,3598,2293,63.73
20,473,GRPLTD,EQ,10,10,100.00
20,474,GRUH,EQ,158807,101600,63.98
20,475,GSCLCEMENT,EQ,37645,22163,58.87
20,476,GSFC,EQ,196870,131746,66.92
20,477,GSKCONS,EQ,8273,5187,62.70
20,478,GSPL,EQ,315013,224415,71.24
20,479,GSS,EQ,1959,1959,100.00
20,480,GTL,EQ,43660,25898,59.32
20,481,GTLINFRA,EQ,471934,315129,66.77
20,482,GTNIND,EQ,7779,4592,59.03
20,483,GTNTEX,EQ,1376,1200,87.21
20,484,GTOFFSHORE,EQ,42960,23921,55.68
20,485,GUFICBIO,EQ,38257,22656,59.22
20,486,GUJALKALI,EQ,24157,18565,76.85
20,487,GUJAPOLLO,EQ,2182,1482,67.92
20,488,GUJFLUORO,EQ,114917,50243,43.72
20,489,GUJGASLTD,EQ,33960,17793,52.39
20,490,GUJNRECOKE,EQ,754442,521739,69.16
20,491,GUJNREDVR,EQ,11016,10816,98.18
20,492,GULFOILLUB,EQ,12318,10890,88.41
20,493,GULFPETRO,EQ,27158,18278,67.30
20,494,GULPOLY,EQ,1178,899,76.32
20,495,GVKPIL,EQ,1221314,769562,63.01
20,496,HANUNG,EQ,22054,16265,73.75
20,497,HARITASEAT,EQ,2690,2134,79.33
20,498,HARRMALAYA,EQ,52102,24427,46.88
20,499,HATHWAY,EQ,1050401,455806,43.39
20,500,HATSUN,EQ,2016,1549,76.84
20,501,HAVELLS,EQ,1399534,842704,60.21
20,502,HBLPOWER,EQ,2588271,699337,27.02
20,503,HBSTOCK,EQ,512,414,80.86
20,504,HCC,EQ,7547353,3737571,49.52
20,505,HCIL,EQ,1262506,777880,61.61
20,506,HCL-INSYS,EQ,4028256,1123211,27.88
20,507,HCLTECH,EQ,2509320,1979565,78.89
20,508,HDFC,EQ,2117350,1403520,66.29
20,509,HDFCBANK,EQ,2116075,1478881,69.89
20,510,HDFCMFGETF,EQ,378,244,64.55
20,511,HDFCNIFETF,EQ,130,130,100.00
20,512,HDFCSENETF,EQ,100,100,100.00
20,513,HDIL,EQ,9488312,1252503,13.20
20,514,HEG,EQ,24647,12779,51.85
20,515,HEIDELBERG,EQ,59561,34022,57.12
20,516,HERCULES,EQ,25850,5941,22.98
20,517,HERITGFOOD,EQ,11813,7060,59.76
20,518,HEROMOTOCO,EQ,497247,244251,49.12
20,519,HESTERBIO,EQ,5475,4394,80.26
20,520,HEXATRADEX,EQ,3284,2992,91.11
20,521,HEXAWARE,EQ,519428,198830,38.28
20,522,HFCL,EQ,8913904,4355820,48.87
20,523,HGS,EQ,15244,13580,89.08
20,524,HIKAL,EQ,211178,123388,58.43
20,525,HIL,EQ,2930,2387,81.47
20,526,HILTON,EQ,11862,6474,54.58
20,527,HIMATSEIDE,EQ,121308,45826,37.78
20,528,HINDALCO,EQ,22685606,8454427,37.27
20,529,HINDCOMPOS,EQ,423,334,78.96
20,530,HINDCOPPER,EQ,299058,101716,34.01
20,531,HINDDORROL,EQ,17332,13515,77.98
20,532,HINDMOTORS,EQ,84350,42548,50.44
20,533,HINDNATGLS,EQ,170,170,100.00
20,534,HINDOILEXP,EQ,2931976,673812,22.98
20,535,HINDPETRO,EQ,908495,414127,45.58
20,536,HINDUJAFO,EQ,1598,1350,84.48
20,537,HINDUJAVEN,EQ,3515,3109,88.45
20,538,HINDUNILVR,EQ,1373555,779247,56.73
20,539,HINDZINC,EQ,1058402,722783,68.29
20,540,HIRECT,EQ,9482,3344,35.27
20,541,HITACHIHOM,EQ,10157,5093,50.14
20,542,HITECH,SM,9000,9000,100.00
20,543,HITECHGEAR,EQ,2080,1894,91.06
20,544,HITECHPLAS,EQ,13171,6259,47.52
20,545,HMT,EQ,138635,36983,26.68
20,546,HMVL,EQ,18379,14911,81.13
20,547,HNGSNGBEES,EQ,1,1,100.00
20,548,HOCL,EQ,258609,108644,42.01
20,549,HONAUT,EQ,471,276,58.60
20,550,HONDAPOWER,EQ,5201,4756,91.44
20,551,HOTELEELA,EQ,79377,66335,83.57
20,552,HOVS,EQ,22441,18091,80.62
20,553,HSIL,EQ,39840,33124,83.14
20,554,HTMEDIA,EQ,47312,36081,76.26
20,555,HUBTOWN,EQ,2850,2160,75.79
20,556,HUDCO,N3,840,439,52.26
20,557,HUDCO,N4,310,300,96.77
20,558,HUDCO,N5,2000,2000,100.00
20,559,HUDCO,N6,113,100,88.50
20,560,IBREALEST,EQ,3787894,835354,22.05
20,561,IBULHSGFIN,EQ,806394,457475,56.73
20,562,IBVENTURES,EQ,911588,508394,55.77
20,563,IBWSL,EQ,37281,25866,69.38
20,564,ICICIBANK,EQ,15443209,10012272,64.83
20,565,ICIL,EQ,50459,32884,65.17
20,566,ICNX100,EQ,45,43,95.56
20,567,ICRA,EQ,3435,2309,67.22
20,568,ICSA,EQ,12048,9498,78.83
20,569,IDBI,EQ,13281441,1907802,14.36
20,570,IDBIGOLD,EQ,1074,1007,93.76
20,571,IDEA,EQ,9142844,5128454,56.09
20,572,IDFC,EQ,2651090,1763369,66.51
20,573,IDFCBANK,EQ,5048173,3691254,73.12
20,574,IDFCBANK,N1,16,11,68.75
20,575,IDFCBANK,N2,66,46,69.70
20,576,IDFCBANK,N3,1,1,100.00
20,577,IDFCBANK,N4,49,30,61.22
20,578,IDFCBANK,N5,7,7,100.00
20,579,IFBAGRO,EQ,1858,373,20.08
20,580,IFBIND,EQ,6574,4780,72.71
20,581,IFCI,EQ,2965300,1118868,37.73
20,582,IFCI,NH,15,15,100.00
20,583,IFCI,NJ,97,97,100.00
20,584,IFCI,NK,941,641,68.12
20,585,IFCI,NL,35,35,100.00
20,586,IFGLREFRAC,EQ,27956,23751,84.96
20,587,IGARASHI,EQ,311049,50457,16.22
20,588,IGL,EQ,564925,236596,41.88
20,589,IGOLD,EQ,296,218,73.65
20,590,IGPL,EQ,21048,9108,43.27
20,591,IIFL,EQ,1102051,1039999,94.37
20,592,IIFLFIN,N4,65,65,100.00
20,593,IIFLFIN,N5,472,471,99.79
20,594,IIFLFIN,N6,22,22,100.00
20,595,IIFLFIN,N8,1712,1533,89.54
20,596,IIFLFIN,N9,3,3,100.00
20,597,IIFLFIN,NA,251,215,85.66
20,598,IIFLFIN,NB,113,108,95.58
20,599,IIHFL,N1,1032,1015,98.35
20,600,IIHFL,N2,389,346,88.95
20,601,IIHFL,N3,7,5,71.43
20,602,IITL,EQ,1248,1246,99.84
20,603,IL&FSENGG,EQ,43031,27415,63.71
20,604,IL&FSTRANS,EQ,145263,116124,79.94
20,605,IMFA,EQ,2287,1476,64.54
20,606,IMPAL,EQ,734,386,52.59
20,607,IMPEXFERRO,EQ,18982,17982,94.73
20,608,INDBANK,EQ,2361,1586,67.17
20,609,INDHOTEL,EQ,176273,114843,65.15
20,610,INDIACEM,EQ,2022645,469018,23.19
20,611,INDIAGLYCO,EQ,61332,28709,46.81
20,612,INDIANB,EQ,134870,45998,34.11
20,613,INDIANCARD,EQ,8175,3457,42.29
20,614,INDIANHUME,EQ,3205,2420,75.51
20,615,INDIGO,EQ,2741028,558803,20.39
20,616,INDLMETER,EQ,136,133,97.79
20,617,INDNIPPON,EQ,1036,877,84.65
20,618,INDOCO,EQ,142457,18305,12.85
20,619,INDORAMA,EQ,50271,36852,73.31
20,620,INDOSOLAR,EQ,303510,197341,65.02
20,621,INDOTECH,EQ,11417,5137,44.99
20,622,INDOTHAI,EQ,9179,6601,71.91
20,623,INDRAMEDCO,EQ,65371,35885,54.89
20,624,INDSWFTLAB,EQ,45726,28427,62.17
20,625,INDTERRAIN,EQ,588984,568855,96.58
20,626,INDUSINDBK,EQ,1426779,1118687,78.41
20,627,INFINITE,EQ,49603,30749,61.99
20,628,INFOMEDIA,EQ,10000,9600,96.00
20,629,INFRABEES,EQ,203,132,65.02
20,630,INFRATEL,EQ,1153017,743523,64.49
20,631,INFY,EQ,3166588,2319740,73.26
20,632,INGERRAND,EQ,14522,6963,47.95
20,633,INIFTY,EQ,6976,6776,97.13
20,634,INOXLEISUR,EQ,42247,33018,78.15
20,635,INOXWIND,EQ,85457,46832,54.80
20,636,INSECTICID,EQ,80827,72022,89.11
20,637,INTELLECT,EQ,1712755,518553,30.28
20,638,INVENTURE,EQ,520,520,100.00
20,639,IOB,EQ,612945,197546,32.23
20,640,IOC,EQ,1071188,680364,63.51
20,641,IOLCP,EQ,64046,23414,36.56
20,642,IPAPPM,EQ,69706,65505,93.97
20,643,IPCALAB,EQ,448009,100159,22.36
20,644,IRB,EQ,850803,294249,34.58
20,645,IREDA,N4,5,5,100.00
20,646,IRFC,N1,1578,1578,100.00
20,647,IRFC,N2,427,427,100.00
20,648,IRFC,N3,10,10,100.00
20,649,IRFC,N4,728,723,99.31
20,650,IRFC,N9,40,40,100.00
20,651,IRFC,NA,185,185,100.00
20,652,IRFC,NE,324,250,77.16
20,653,IRFC,NJ,579,579,100.00
20,654,IRFC,NK,3642,3539,97.17
20,655,ISFT,EQ,22025,15295,69.44
20,656,ISMTLTD,EQ,20302,16915,83.32
20,657,ITC,EQ,10280939,8277077,80.51
20,658,ITDCEM,EQ,178673,85336,47.76
20,659,ITI,EQ,112572,34901,31.00
20,660,IVC,EQ,119333,74952,62.81
20,661,IVP,EQ,2754,2519,91.47
20,662,IVRCLINFRA,EQ,882272,530324,60.11
20,663,IZMO,EQ,108101,36534,33.80
20,664,J&KBANK,EQ,612838,456769,74.53
20,665,JAGRAN,EQ,52274,27829,53.24
20,666,JAGSNPHARM,EQ,13730,8423,61.35
20,667,JAIBALAJI,EQ,56759,54131,95.37
20,668,JAICORPLTD,EQ,704009,209039,29.69
20,669,JAIHINDPRO,EQ,25921,22637,87.33
20,670,JAMNAAUTO,EQ,345719,206576,59.75
20,671,JAYAGROGN,EQ,3446,1507,43.73
20,672,JAYBARMARU,EQ,9683,6833,70.57
20,673,JAYNECOIND,EQ,42799,37740,88.18
20,674,JAYSREETEA,EQ,197458,65065,32.95
20,675,JBCHEPHARM,EQ,34726,16259,46.82
20,676,JBFIND,EQ,58535,36494,62.35
20,677,JBMA,EQ,4910,3759,76.56
20,678,JCTEL,EQ,344765,219762,63.74
20,679,JENSONICOL,EQ,17186,11451,66.63
20,680,JETAIRWAYS,EQ,6202867,519384,8.37
20,681,JHS,EQ,10820,9025,83.41
20,682,JIKIND,EQ,100,100,100.00
20,683,JINDALPHOT,EQ,7241,6029,83.26
20,684,JINDALPOLY,EQ,37653,10870,28.87
20,685,JINDALSAW,EQ,539912,317139,58.74
20,686,JINDALSTEL,EQ,10700686,2420840,22.62
20,687,JINDCOT,EQ,54210,46847,86.42
20,688,JINDRILL,EQ,8125,5652,69.56
20,689,JINDWORLD,EQ,871,843,96.79
20,690,JISLDVREQS,EQ,15016,9882,65.81
20,691,JISLJALEQS,EQ,2646987,796864,30.10
20,692,JKCEMENT,EQ,13570,6983,51.46
20,693,JKIL,EQ,65616,60351,91.98
20,694,JKLAKSHMI,EQ,72641,39163,53.91
20,695,JKPAPER,EQ,68477,47648,69.58
20,696,JKTYRE,EQ,1942594,778020,40.05
20,697,JMA,EQ,95,95,100.00
20,698,JMCPROJECT,EQ,47757,25273,52.92
20,699,JMFINANCIL,EQ,180332,98898,54.84
20,700,JMTAUTOLTD,EQ,6253,3525,56.37
20,701,JOCIL,EQ,1939,1442,74.37
20,702,JPASSOCIAT,EQ,11069202,1916696,17.32
20,703,JPINFRATEC,EQ,402403,230604,57.31
20,704,JPOLYINVST,EQ,549,446,81.24
20,705,JPPOWER,EQ,897853,543961,60.58
20,706,JSL,EQ,86100,50346,58.47
20,707,JSLHISAR,EQ,109826,62042,56.49
20,708,JSWENERGY,EQ,1330765,536547,40.32
20,709,JSWHL,EQ,2612,1341,51.34
20,710,JSWSTEEL,EQ,830556,231269,27.85
20,711,JSWSTEEL,P2,58892,58892,100.00
20,712,JUBILANT,EQ,694582,268472,38.65
20,713,JUBLFOOD,EQ,212730,34874,16.39
20,714,JUBLINDS,EQ,47502,42776,90.05
20,715,JUNIORBEES,EQ,2601,1645,63.24
20,716,JUSTDIAL,EQ,7255874,690742,9.52
20,717,JVLAGRO,EQ,52747,41010,77.75
20,718,JYOTHYLAB,EQ,46690,37481,80.28
20,719,JYOTISTRUC,EQ,154586,115508,74.72
20,720,KABRAEXTRU,EQ,9078,7971,87.81
20,721,KAJARIACER,EQ,29318,23128,78.89
20,722,KAKATCEM,EQ,401273,159386,39.72
20,723,KALINDEE,EQ,70186,26145,37.25
20,724,KALPATPOWR,EQ,1079667,173670,16.09
20,725,KAMATHOTEL,EQ,6618,5019,75.84
20,726,KAMDHENU,EQ,5362,3055,56.98
20,727,KANANIIND,EQ,67863,34075,50.21
20,728,KANORICHEM,EQ,30863,20536,66.54
20,729,KANSAINER,EQ,643598,629095,97.75
20,730,KARMAENG,EQ,50,50,100.00
20,731,KARURVYSYA,EQ,63836,45244,70.88
20,732,KAUSHALYA,EQ,1949,1140,58.49
20,733,KAVVERITEL,EQ,36,21,58.33
20,734,KAYA,EQ,8258,5248,63.55
20,735,KCP,EQ,209478,107642,51.39
20,736,KCPSUGIND,EQ,264128,109634,41.51
20,737,KDDL,EQ,550,550,100.00
20,738,KEC,EQ,152984,69192,45.23
20,739,KECL,EQ,187198,147050,78.55
20,740,KEI,EQ,54685,32914,60.19
20,741,KELLTONTEC,EQ,67781,42645,62.92
20,742,KEMROCK,EQ,5188,3605,69.49
20,743,KESARENT,EQ,8136,5668,69.67
20,744,KESORAMIND,EQ,1131055,445616,39.40
20,745,KGL,EQ,243002,166218,68.40
20,746,KHAITANELE,EQ,569,295,51.85
20,747,KHANDSE,EQ,50,50,100.00
20,748,KICL,EQ,270,163,60.37
20,749,KILITCH,EQ,23510,21677,92.20
20,750,KIRIINDUS,EQ,13840,7016,50.69
20,751,KIRLOSBROS,EQ,36518,34843,95.41
20,752,KIRLOSENG,EQ,5478,4338,79.19
20,753,KIRLOSIND,EQ,1967,1826,92.83
20,754,KITEX,EQ,35950,14950,41.59
20,755,KKCL,EQ,166,150,90.36
20,756,KMSUGAR,EQ,93235,72913,78.20
20,757,KNRCON,EQ,6186,3443,55.66
20,758,KOHINOOR,EQ,7387,5140,69.58
20,759,KOKUYOCMLN,EQ,28954,19749,68.21
20,760,KOLTEPATIL,EQ,66703,31298,46.92
20,761,KOPRAN,EQ,165407,66572,40.25
20,762,KOTAKBANK,EQ,3269570,2222681,67.98
20,763,KOTAKBKETF,EQ,2386,1167,48.91
20,764,KOTAKGOLD,EQ,7209,4833,67.04
20,765,KOTAKNIFTY,EQ,8257,6742,81.65
20,766,KOTAKNV20,EQ,1591,1000,62.85
20,767,KOTAKPSUBK,EQ,1961,1498,76.39
20,768,KOTARISUG,EQ,31076,27752,89.30
20,769,KOTHARIPET,EQ,22202,17408,78.41
20,770,KOTHARIPRO,EQ,8476,4424,52.19
20,771,KPIT,EQ,604762,252593,41.77
20,772,KPRMILL,EQ,14578,9152,62.78
20,773,KRBL,EQ,177397,100961,56.91
20,774,KRIDHANINF,EQ,11649,8035,68.98
20,775,KSBPUMPS,EQ,28405,14045,49.45
20,776,KSCL,EQ,2416353,380568,15.75
20,777,KSERASERA,EQ,675352,545886,80.83
20,778,KSK,EQ,141543,98709,69.74
20,779,KSL,EQ,232131,84768,36.52
20,780,KTIL,EQ,1699,1350,79.46
20,781,KTKBANK,EQ,1052446,350887,33.34
20,782,KWALITY,EQ,630975,197697,31.33
20,783,L&TFH,EQ,2492112,786954,31.58
20,784,L&TFINANCE,N3,2,2,100.00
20,785,L&TFINANCE,N4,422,403,95.50
20,786,L&TINFRA,H6,151,120,79.47
20,787,L&TINFRA,N1,35,35,100.00
20,788,L&TINFRA,N2,119,94,78.99
20,789,L&TINFRA,N3,70,70,100.00
20,790,L&TINFRA,N4,819,588,71.79
20,791,LAKPRE,EQ,300,300,100.00
20,792,LAKSHMIEFL,EQ,224429,97995,43.66
20,793,LAKSHVILAS,EQ,656537,479402,73.02
20,794,LALPATHLAB,EQ,132423,61099,46.14
20,795,LAMBODHARA,EQ,155537,54780,35.22
20,796,LAOPALA,EQ,4855,2259,46.53
20,797,LAXMIMACH,EQ,4270,2657,62.22
20,798,LGBBROSLTD,EQ,4730,4486,94.84
20,799,LGBFORGE,EQ,61050,30151,49.39
20,800,LIBERTSHOE,EQ,45644,17586,38.53
20,801,LICHSGFIN,EQ,1944593,910528,46.82
20,802,LICNETFGSC,EQ,2470,2005,81.17
20,803,LINCOLN,EQ,792345,114162,14.41
20,804,LINCPEN,EQ,3406,1662,48.80
20,805,LINDEINDIA,EQ,12564,11780,93.76
20,806,LIQUIDBEES,EQ,1697187,622070,36.65
20,807,LITL,EQ,2142933,877981,40.97
20,808,LLOYDELENG,EQ,317203,85098,26.83
20,809,LML,EQ,78896,69327,87.87
20,810,LOKESHMACH,EQ,35840,20936,58.42
20,811,LOTUSEYE,EQ,40484,34809,85.98
20,812,LOVABLE,EQ,47786,11148,23.33
20,813,LPDC,EQ,3170,2619,82.62
20,814,LT,EQ,1625424,578867,35.61
20,815,LUMAXAUTO,EQ,22250,15313,68.82
20,816,LUMAXIND,EQ,4732,2989,63.17
20,817,LUMAXTECH,EQ,3563,2324,65.23
20,818,LUPIN,EQ,1764210,704158,39.91
20,819,LUXIND,EQ,2136,1101,51.54
20,820,LYCOS,EQ,453839,270115,59.52
20,821,LYKALABS,EQ,332756,168140,50.53
20,822,LYPSAGEMS,EQ,26462,7638,28.86
20,823,M&M,EQ,795657,500023,62.84
20,824,M&MFIN,EQ,427051,207397,48.56
20,825,M100,EQ,13973,13973,100.00
20,826,M50,EQ,410,148,36.10
20,827,MAANALU,EQ,1674,373,22.28
20,828,MADHAV,EQ,2077,1879,90.47
20,829,MADHUCON,EQ,193712,153206,79.09
20,830,MADRASFERT,EQ,12728,9285,72.95
20,831,MAGMA,EQ,57941,39576,68.30
20,832,MAGNUM,EQ,110,110,100.00
20,833,MAHABANK,EQ,73877,42399,57.39
20,834,MAHINDCIE,EQ,206032,81892,39.75
20,835,MAHLIFE,EQ,4658,3877,83.23
20,836,MAHSCOOTER,EQ,3257,1875,57.57
20,837,MAHSEAMLES,EQ,14317,11122,77.68
20,838,MAITHANALL,EQ,8884,5216,58.71
20,839,MAJESCO,EQ,81328,37342,45.92
20,840,MALUPAPER,EQ,294,284,96.60
20,841,MANAKALUCO,EQ,3697,3617,97.84
20,842,MANAKCOAT,EQ,3414,3097,90.71
20,843,MANAKINDST,EQ,235355,215161,91.42
20,844,MANAKSIA,EQ,3618,2876,79.49
20,845,MANAKSTEEL,EQ,4121,2721,66.03
20,846,MANALIPETC,EQ,176435,123676,70.10
20,847,MANAPPURAM,EQ,2037969,1334428,65.48
20,848,MANDHANA,EQ,53542,16154,30.17
20,849,MANGALAM,EQ,8861,8855,99.93
20,850,MANGCHEFER,EQ,3261,2310,70.84
20,851,MANGLMCEM,EQ,105467,39402,37.36
20,852,MANGTIMBER,EQ,7480,6701,89.59
20,853,MANINDS,EQ,235327,101458,43.11
20,854,MANINFRA,EQ,1058285,419437,39.63
20,855,MANPASAND,EQ,11915,11180,93.83
20,856,MANUGRAPH,EQ,2876,1974,68.64
20,857,MARALOVER,EQ,4552,3280,72.06
20,858,MARICO,EQ,1054395,674601,63.98
20,859,MARKSANS,EQ,2855349,1036106,36.29
20,860,MARUTI,EQ,586282,267026,45.55
20,861,MASTEK,EQ,120987,54645,45.17
20,862,MAWANASUG,EQ,42679,22923,53.71
20,863,MAXWELL,EQ,121181,65278,53.87
20,864,MAYURUNIQ,EQ,18670,13054,69.92
20,865,MBECL,EQ,56157,24709,44.00
20,866,MBLINFRA,EQ,71694,40519,56.52
20,867,MCDHOLDING,EQ,34605,30761,88.89
20,868,MCDOWELL-N,EQ,370970,201974,54.44
20,869,MCLEODRUSS,EQ,1152798,706716,61.30
20,870,MCX,EQ,131091,52619,40.14
20,871,MEGASOFT,EQ,21900,16628,75.93
20,872,MEGH,EQ,293480,209929,71.53
20,873,MENONBE,EQ,27889,20265,72.66
20,874,MEP,EQ,301277,268873,89.24
20,875,MERCATOR,EQ,304818,169912,55.74
20,876,MERCK,EQ,7906,6829,86.38
20,877,METALFORGE,EQ,22561,16544,73.33
20,878,METKORE,EQ,16060,14990,93.34
20,879,MFSL,EQ,64233,51233,79.76
20,880,MHRIL,EQ,8346,4344,52.05
20,881,MIC,EQ,402391,226525,56.29
20,882,MICROSEC,EQ,7340,6783,92.41
20,883,MINDACORP,EQ,273816,115039,42.01
20,884,MINDAIND,EQ,149877,118367,78.98
20,885,MINDTREE,EQ,554464,390510,70.43
20,886,MIRCELECTR,EQ,98306,71956,73.20
20,887,MIRZAINT,EQ,685500,178525,26.04
20,888,MMFL,EQ,2624,1535,58.50
20,889,MMTC,EQ,2080333,436636,20.99
20,890,MOHITIND,EQ,18416,4890,26.55
20,891,MOIL,EQ,64818,43861,67.67
20,892,MOLDTKPAC,EQ,24261,16856,69.48
20,893,MOMAI,SM,3200,3200,100.00
20,894,MONNETISPA,EQ,68011,43584,64.08
20,895,MONSANTO,EQ,335998,33229,9.89
20,896,MONTECARLO,EQ,13110,10481,79.95
20,897,MORARJEE,EQ,3044,2909,95.57
20,898,MOREPENLAB,EQ,2732990,1178132,43.11
20,899,MOSERBAER,EQ,370292,235402,63.57
20,900,MOTHERSUMI,EQ,1240821,402013,32.40
20,901,MOTILALOFS,EQ,4702,4608,98.00
20,902,MPHASIS,EQ,333271,90337,27.11
20,903,MPSLTD,EQ,7468,6382,85.46
20,904,MRF,EQ,8465,4047,47.81
20,905,MRO-TEK,EQ,5682,5372,94.54
20,906,MRPL,EQ,2916291,1221484,41.88
20,907,MSPL,EQ,17146,16012,93.39
20,908,MTEDUCARE,EQ,56322,16314,28.97
20,909,MTNL,EQ,575665,228152,39.63
20,910,MUKANDENGG,EQ,1463,600,41.01
20,911,MUKANDLTD,EQ,16138,12591,78.02
20,912,MUKANDLTD,P1,60,60,100.00
20,913,MUKTAARTS,EQ,52174,19817,37.98
20,914,MUNJALAU,EQ,99605,58441,58.67
20,915,MUNJALSHOW,EQ,14617,9958,68.13
20,916,MURUDCERA,EQ,3724,2963,79.56
20,917,MUTHOOTCAP,EQ,379,254,67.02
20,918,MUTHOOTFIN,EQ,145160,125092,86.18
20,919,MUTHOOTFIN,N6,6844,6764,98.83
20,920,MUTHOOTFIN,N9,13,13,100.00
20,921,MUTHOOTFIN,NB,100,100,100.00
20,922,MVL,EQ,19134,19134,100.00
20,923,MYSOREBANK,EQ,2587,1166,45.07
20,924,N100,EQ,1006,632,62.82
20,925,NAGAROIL,EQ,105263,77153,73.30
20,926,NAGREEKEXP,EQ,510,505,99.02
20,927,NAHARCAP,EQ,2500,2100,84.00
20,928,NAHARINDUS,EQ,5985,2987,49.91
20,929,NAHARPOLY,EQ,17669,16122,91.24
20,930,NAHARSPING,EQ,20904,16488,78.87
20,931,NAKODA,EQ,154871,153671,99.23
20,932,NATCOPHARM,EQ,361831,170134,47.02
20,933,NATHBIOGEN,EQ,20268,11350,56.00
20,934,NATIONALUM,EQ,1346310,666852,49.53
20,935,NAUKRI,EQ,49719,42594,85.67
20,936,NAVINFLUOR,EQ,94725,39007,41.18
20,937,NAVKARCORP,EQ,496879,440302,88.61
20,938,NAVNETEDUL,EQ,22360,17883,79.98
20,939,NBCC,EQ,126218,44456,35.22
20,940,NBVENTURES,EQ,2161,1376,63.67
20,941,NCC,EQ,5234451,1543521,29.49
20,942,NCLIND,EQ,156022,99227,63.60
20,943,NDL,EQ,166501,45608,27.39
20,944,NDTV,EQ,59805,15643,26.16
20,945,NECCLTD,EQ,21038,18186,86.44
20,946,NECLIFE,EQ,385178,204094,52.99
20,947,NELCAST,EQ,9352,7022,75.09
20,948,NELCO,EQ,190300,40789,21.43
20,949,NESCO,EQ,1008,853,84.62
20,950,NESTLEIND,EQ,107792,99377,92.19
20,951,NET4,EQ,20,20,100.00
20,952,NETWORK18,EQ,319219,174230,54.58
20,953,NEULANDLAB,EQ,95227,42870,45.02
20,954,NEXTMEDIA,EQ,47277,27283,57.71
20,955,NEYVELILIG,EQ,1496954,335608,22.42
20,956,NFL,EQ,167453,100495,60.01
20,957,NGCT,EQ,9011,9011,100.00
20,958,NH,EQ,24221,11549,47.68
20,959,NHAI,N1,6407,6407,100.00
20,960,NHAI,N2,3348,3348,100.00
20,961,NHAI,N4,125,75,60.00
20,962,NHAI,N6,1100,1000,90.91
20,963,NHAI,N8,2171,2171,100.00
20,964,NHAI,NA,23878,23184,97.09
20,965,NHAI,NE,2220,2220,100.00
20,966,NHBTF2014,N6,85,79,92.94
20,967,NHPC,EQ,2549940,1125817,44.15
20,968,NIBL,EQ,1458,1432,98.22
20,969,NIFTYBEES,EQ,79654,47001,59.01
20,970,NIFTYEES,EQ,171,1,0.58
20,971,NIITLTD,EQ,624070,190987,30.60
20,972,NIITTECH,EQ,138469,43377,31.33
20,973,NILAINFRA,EQ,82975,47391,57.11
20,974,NILKAMAL,EQ,70117,18799,26.81
20,975,NIPPOBATRY,EQ,2273,1691,74.40
20,976,NIRVIKARA,EQ,4263,4004,93.92
20,977,NITCO,EQ,60270,42631,70.73
20,978,NITESHEST,EQ,202027,152850,75.66
20,979,NITINFIRE,EQ,195249,127637,65.37
20,980,NITINSPIN,EQ,91740,43509,47.43
20,981,NMDC,EQ,2332935,1380638,59.18
20,982,NOCIL,EQ,755117,284652,37.70
20,983,NOIDATOLL,EQ,152927,122252,79.94
20,984,NORBTEAEXP,EQ,1502,1301,86.62
20,985,NRBBEARING,EQ,16605,7088,42.69
20,986,NSIL,EQ,172,97,56.40
20,987,NTPC,EQ,2235192,1446364,64.71
20,988,NTPC,N6,521,479,91.94
20,989,NTPC,N7,77375,77374,100.00
20,990,NTPC,NA,217,217,100.00
20,991,NTPC,NB,156,83,53.21
20,992,NTPC,ND,128,123,96.09
20,993,NUCLEUS,EQ,40603,19298,47.53
20,994,NUTEK,EQ,7233,6124,84.67
20,995,OBEROIRLTY,EQ,478875,400385,83.61
20,996,OCCL,EQ,1621,1547,95.43
20,997,OCL,EQ,275,157,57.09
20,998,OFSS,EQ,29585,16610,56.14
20,999,OIL,EQ,243026,157801,64.93
20,1000,OILCOUNTUB,EQ,5694,4385,77.01
20,1001,OISL,EQ,10313,6972,67.60
20,1002,OMAXAUTO,EQ,3335,2598,77.90
20,1003,OMAXE,EQ,350907,158374,45.13
20,1004,OMKARCHEM,EQ,90148,40173,44.56
20,1005,OMMETALS,EQ,22327,14114,63.21
20,1006,OMNITECH,EQ,60,60,100.00
20,1007,ONELIFECAP,EQ,75988,34204,45.01
20,1008,ONGC,EQ,3985485,2381641,59.76
20,1009,ONMOBILE,EQ,273370,140746,51.49
20,1010,ONWARDTEC,EQ,6877,5940,86.37
20,1011,OPTOCIRCUI,EQ,710931,434345,61.10
20,1012,ORBITCORP,EQ,127797,83163,65.07
20,1013,ORBTEXP,EQ,5976,3898,65.23
20,1014,ORCHIDPHAR,EQ,347595,118153,33.99
20,1015,ORICONENT,EQ,200928,117049,58.25
20,1016,ORIENTABRA,EQ,226675,109628,48.36
20,1017,ORIENTALTL,EQ,90334,84233,93.25
20,1018,ORIENTBANK,EQ,1375156,276054,20.07
20,1019,ORIENTBELL,EQ,7738,5732,74.08
20,1020,ORIENTCEM,EQ,51121,40701,79.62
20,1021,ORIENTHOT,EQ,9620,8820,91.68
20,1022,ORIENTLTD,EQ,200,200,100.00
20,1023,ORIENTPPR,EQ,728082,598763,82.24
20,1024,ORIENTREF,EQ,5713,4920,86.12
20,1025,ORISSAMINE,EQ,1607,1599,99.50
20,1026,ORTEL,EQ,9487,8501,89.61
20,1027,ORTINLABSS,EQ,32122,27017,84.11
20,1028,OUDHSUG,EQ,136601,53242,38.98
20,1029,PAEL,EQ,3073,1873,60.95
20,1030,PAGEIND,EQ,66613,12913,19.39
20,1031,PALREDTECH,EQ,10739,7128,66.37
20,1032,PANACEABIO,EQ,6543,5346,81.71
20,1033,PANAMAPET,EQ,6170,3973,64.39
20,1034,PANORAMUNI,EQ,8996,6373,70.84
20,1035,PAPERPROD,EQ,4900,3042,62.08
20,1036,PARABDRUGS,EQ,45311,40765,89.97
20,1037,PARACABLES,EQ,44032,41619,94.52
20,1038,PARRYSUGAR,EQ,8606,6560,76.23
20,1039,PARSVNATH,EQ,118126,49999,42.33
20,1040,PATELENG,EQ,139473,74999,53.77
20,1041,PATINTLOG,EQ,36482,19715,54.04
20,1042,PATSPINLTD,EQ,9250,6735,72.81
20,1043,PBAINFRA,EQ,2566,1425,55.53
20,1044,PCJEWELLER,EQ,325158,132764,40.83
20,1045,PDPL,EQ,47263,38082,80.57
20,1046,PDSMFL,EQ,11881,11881,100.00
20,1047,PDUMJEIND,EQ,4411,1802,40.85
20,1048,PDUMJEPULP,EQ,19123,13324,69.68
20,1049,PEARLPOLY,EQ,3471,3461,99.71
20,1050,PEL,EQ,114117,99107,86.85
20,1051,PENIND,EQ,464858,91242,19.63
20,1052,PENINLAND,EQ,35882,27966,77.94
20,1053,PENPEBS,EQ,27756,4540,16.36
20,1054,PERFECT,SM,12000,12000,100.00
20,1055,PERSISTENT,EQ,200369,92730,46.28
20,1056,PETRONENGG,EQ,2148,1024,47.67
20,1057,PETRONET,EQ,1621890,1089679,67.19
20,1058,PFC,EQ,1084781,453968,41.85
20,1059,PFIZER,EQ,65761,27377,41.63
20,1060,PFOCUS,EQ,9118,5628,61.72
20,1061,PFS,EQ,839643,583018,69.44
20,1062,PGEL,EQ,45449,42476,93.46
20,1063,PGHH,EQ,6792,4703,69.24
20,1064,PGIL,EQ,14696,13627,92.73
20,1065,PHILIPCARB,EQ,130049,53370,41.04
20,1066,PHOENIXLL,EQ,21213,17490,82.45
20,1067,PHOENIXLTD,EQ,21631,18366,84.91
20,1068,PIDILITIND,EQ,202533,90986,44.92
20,1069,PIIND,EQ,105083,91681,87.25
20,1070,PILITA,EQ,8821,6675,75.67
20,1071,PIONDIST,EQ,22669,13542,59.74
20,1072,PIONEEREMB,EQ,20975,14183,67.62
20,1073,PIRPHYTO,EQ,19457,12681,65.17
20,1074,PITTILAM,EQ,20658,17757,85.96
20,1075,PKTEA,EQ,48,38,79.17
20,1076,PLASTIBLEN,EQ,1622,1455,89.70
20,1077,PNB,EQ,5714949,1019558,17.84
20,1078,PNBGILTS,EQ,172296,138435,80.35
20,1079,PNC,EQ,1825,925,50.68
20,1080,PNCINFRA,EQ,13048,7854,60.19
20,1081,PNEUMATIC,EQ,159,145,91.19
20,1082,POCHIRAJU,EQ,15204,15004,98.68
20,1083,POLARIS,EQ,187093,79729,42.61
20,1084,POLYMED,EQ,3674,2151,58.55
20,1085,POLYPLEX,EQ,4069,2685,65.99
20,1086,PONNIERODE,EQ,1244,759,61.01
20,1087,POWERGRID,EQ,6494305,5273392,81.20
20,1088,POWERMECH,EQ,2235,1425,63.76
20,1089,PPAP,EQ,5783,4742,82.00
20,1090,PRABHAT,EQ,24681,15070,61.06
20,1091,PRADIP,EQ,2999,2999,100.00
20,1092,PRAENG,EQ,7779,4340,55.79
20,1093,PRAJIND,EQ,995203,313133,31.46
20,1094,PRAKASH,EQ,121893,76091,62.42
20,1095,PRAKASHCON,EQ,611528,336470,55.02
20,1096,PRAKASHSTL,EQ,12910,12608,97.66
20,1097,PRATIBHA,EQ,307487,230323,74.90
20,1098,PRECAM,EQ,51706,31962,61.81
20,1099,PRECOT,EQ,6143,5460,88.88
20,1100,PRECWIRE,EQ,3391,2446,72.13
20,1101,PREMIER,EQ,14543,13296,91.43
20,1102,PREMIERPOL,EQ,13,10,76.92
20,1103,PRESSMN,EQ,7322,5432,74.19
20,1104,PRESTIGE,EQ,610932,223906,36.65
20,1105,PRICOL,EQ,785971,391535,49.82
20,1106,PRIMESECU,EQ,12383,10653,86.03
20,1107,PRISMCEM,EQ,73047,34083,46.66
20,1108,PROVOGE,EQ,65632,52841,80.51
20,1109,PROZONINTU,EQ,59444,45684,76.85
20,1110,PSB,EQ,41456,28412,68.54
20,1111,PSL,EQ,26254,21979,83.72
20,1112,PSUBNKBEES,EQ,790,785,99.37
20,1113,PTC,EQ,1404490,820659,58.43
20,1114,PTL,EQ,17849,9892,55.42
20,1115,PUNJABCHEM,EQ,10017,8035,80.21
20,1116,PUNJLLOYD,EQ,601607,312084,51.88
20,1117,PURVA,EQ,58577,38099,65.04
20,1118,PVP,EQ,364591,346752,95.11
20,1119,PVR,EQ,117962,88689,75.18
20,1120,QGOLDHALF,EQ,607,567,93.41
20,1121,QUICKHEAL,EQ,1047181,188271,17.98
20,1122,RADAAN,EQ,6050,4075,67.36
20,1123,RADICO,EQ,134555,88790,65.99
20,1124,RAIN,EQ,128634,107000,83.18
20,1125,RAINBOWPAP,EQ,11850,10781,90.98
20,1126,RAIREKMOH,EQ,10018,10012,99.94
20,1127,RAJESHEXPO,EQ,316906,114976,36.28
20,1128,RAJOIL,EQ,48260,48260,100.00
20,1129,RAJRAYON,EQ,84841,84841,100.00
20,1130,RAJSREESUG,EQ,36271,22630,62.39
20,1131,RAJTV,EQ,80658,55962,69.38
20,1132,RALLIS,EQ,96518,60087,62.25
20,1133,RAMANEWS,EQ,32813,26595,81.05
20,1134,RAMASTEEL,EQ,39910,19248,48.23
20,1135,RAMCOCEM,EQ,224679,159932,71.18
20,1136,RAMCOIND,EQ,98282,47975,48.81
20,1137,RAMCOSYS,EQ,5733,3384,59.03
20,1138,RAMKY,EQ,119655,86082,71.94
20,1139,RANASUG,EQ,660809,389131,58.89
20,1140,RANEHOLDIN,EQ,559,410,73.35
20,1141,RASOYPR,EQ,792590,416844,52.59
20,1142,RATNAMANI,EQ,951,850,89.38
20,1143,RAYMOND,EQ,26882,20335,75.65
20,1144,RBL,EQ,518,307,59.27
20,1145,RCF,EQ,834770,483068,57.87
20,1146,RCOM,EQ,8143092,1378496,16.93
20,1147,RDEL,EQ,1581436,611399,38.66
20,1148,RECLTD,EQ,1667445,618047,37.07
20,1149,RECLTD,N2,680,675,99.26
20,1150,RECLTD,N9,3022,2871,95.00
20,1151,RECLTD,NA,58,58,100.00
20,1152,REDINGTON,EQ,348439,315042,90.42
20,1153,REFEX,EQ,1414,1401,99.08
20,1154,REIAGROLTD,EQ,404132,401932,99.46
20,1155,REISIXTEN,EQ,650,625,96.15
20,1156,RELAXO,EQ,20490,17560,85.70
20,1157,RELBANK,EQ,2,1,50.00
20,1158,RELCAPITAL,EQ,3102908,371097,11.96
20,1159,RELCNX100,EQ,100,100,100.00
20,1160,RELCONS,EQ,1473,1073,72.84
20,1161,RELDIVOPP,EQ,204,204,100.00
20,1162,RELGOLD,EQ,1146,811,70.77
20,1163,RELIANCE,EQ,3841654,2074473,54.00
20,1164,RELIFIN,N8,100,100,100.00
20,1165,RELIGARE,EQ,1941,1137,58.58
20,1166,RELIGAREGO,EQ,21,10,47.62
20,1167,RELINFRA,EQ,3507906,290376,8.28
20,1168,RELNIFTY,EQ,1943,1931,99.38
20,1169,RELNV20,EQ,3,3,100.00
20,1170,REMSONSIND,EQ,2,1,50.00
20,1171,RENUKA,EQ,11865535,4412308,37.19
20,1172,REPCOHOME,EQ,34078,29047,85.24
20,1173,REPRO,EQ,39115,29143,74.51
20,1174,RESPONIND,EQ,7067,4517,63.92
20,1175,REVATHI,EQ,688,688,100.00
20,1176,RICOAUTO,EQ,191809,108021,56.32
20,1177,RIIL,EQ,331203,70081,21.16
20,1178,RJL,EQ,21806,19177,87.94
20,1179,RKDL,EQ,23701,18706,78.92
20,1180,RKFORGE,EQ,21896,15300,69.88
20,1181,RMCL,EQ,616960,437283,70.88
20,1182,RML,EQ,61,61,100.00
20,1183,RMMIL,EQ,67164,53819,80.13
20,1184,ROHITFERRO,EQ,21435,17491,81.60
20,1185,ROHLTD,EQ,25843,14476,56.02
20,1186,ROLTA,EQ,476844,205437,43.08
20,1187,ROSSELLIND,EQ,27670,13595,49.13
20,1188,RPGLIFE,EQ,14545,7610,52.32
20,1189,RPOWER,EQ,2953208,623651,21.12
20,1190,RPPINFRA,EQ,99820,84768,84.92
20,1191,RSSOFTWARE,EQ,199249,79216,39.76
20,1192,RSWM,EQ,13481,11217,83.21
20,1193,RSYSTEMS,EQ,7054,5157,73.11
20,1194,RTNINFRA,EQ,842406,778499,92.41
20,1195,RTNPOWER,EQ,1159266,567244,48.93
20,1196,RUBYMILLS,EQ,13449,10956,81.46
20,1197,RUCHIRA,EQ,36188,20865,57.66
20,1198,RUCHISOYA,EQ,3670400,3131949,85.33
20,1199,RUPA,EQ,3433,2815,82.00
20,1200,RUSHIL,EQ,1200326,312096,26.00
20,1201,SADBHAV,EQ,81070,68478,84.47
20,1202,SADBHIN,EQ,10229,8735,85.39
20,1203,SAGCEM,EQ,2101,1732,82.44
20,1204,SAIL,EQ,9691151,2632202,27.16
20,1205,SAKHTISUG,EQ,280872,105339,37.50
20,1206,SAKSOFT,EQ,19671,9479,48.19
20,1207,SAKUMA,EQ,36708,18704,50.95
20,1208,SALORAINTL,EQ,2459,1518,61.73
20,1209,SALSTEEL,EQ,31310,29394,93.88
20,1210,SALZERELEC,EQ,24031,15326,63.78
20,1211,SAMBHAAV,EQ,1410,1410,100.00
20,1212,SANDESH,EQ,1921,1154,60.07
20,1213,SANGAMIND,EQ,43269,30616,70.76
20,1214,SANGHIIND,EQ,240553,102022,42.41
20,1215,SANGHVIFOR,EQ,14331,1731,12.08
20,1216,SANGHVIMOV,EQ,22802,20993,92.07
20,1217,SANOFI,EQ,6104,2376,38.93
20,1218,SANWARIA,EQ,439112,269605,61.40
20,1219,SARDAEN,EQ,38799,20424,52.64
20,1220,SAREGAMA,EQ,30019,11105,36.99
20,1221,SARLAPOLY,EQ,108486,39700,36.59
20,1222,SASKEN,EQ,272624,122628,44.98
20,1223,SATHAISPAT,EQ,16467,11779,71.53
20,1224,SATIN,EQ,15767,13027,82.62
20,1225,SBBJ,EQ,6638,6170,92.95
20,1226,SBIN,EQ,13362780,3499361,26.19
20,1227,SBIN,N2,111,101,90.99
20,1228,SBIN,N5,186,175,94.09
20,1229,SBT,EQ,2031,1027,50.57
20,1230,SCHNEIDER,EQ,46237,36142,78.17
20,1231,SCI,EQ,458562,152477,33.25
20,1232,SDBL,EQ,20627,560,2.71
20,1233,SEAMECLTD,EQ,4381,4141,94.52
20,1234,SEINV,EQ,7,7,100.00
20,1235,SELAN,EQ,277422,70546,25.43
20,1236,SELMCL,EQ,130446,88020,67.48
20,1237,SEPOWER,EQ,538,438,81.41
20,1238,SEQUENT,EQ,7321,5757,78.64
20,1239,SESHAPAPER,EQ,734,467,63.62
20,1240,SETFGOLD,EQ,3831,3023,78.91
20,1241,SETFNIF50,EQ,54643,53157,97.28
20,1242,SETFNIFBK,EQ,116,104,89.66
20,1243,SEZAL,EQ,7339,4127,56.23
20,1244,SFCL,EQ,23934,14602,61.01
20,1245,SGJHL,EQ,13229,9465,71.55
20,1246,SGL,EQ,292,191,65.41
20,1247,SHAHALLOYS,EQ,1703,1202,70.58
20,1248,SHAKTIPUMP,EQ,27826,11686,42.00
20,1249,SHALPAINTS,EQ,22731,14696,64.65
20,1250,SHANTIGEAR,EQ,36909,28875,78.23
20,1251,SHARDACROP,EQ,5038,3612,71.70
20,1252,SHARDAMOTR,EQ,78,65,83.33
20,1253,SHARIABEES,EQ,528,277,52.46
20,1254,SHARONBIO,EQ,621345,349388,56.23
20,1255,SHEMAROO,EQ,20951,10825,51.67
20,1256,SHILPAMED,EQ,29527,15082,51.08
20,1257,SHILPI,EQ,11544,8266,71.60
20,1258,SHIRPUR-G,EQ,91496,24852,27.16
20,1259,SHIVAMAUTO,EQ,188036,108269,57.58
20,1260,SHIVTEX,EQ,14143,9417,66.58
20,1261,SHK,EQ,65550,35868,54.72
20,1262,SHOPERSTOP,EQ,8097,3760,46.44
20,1263,SHREECEM,EQ,10836,7154,66.02
20,1264,SHREEPUSHK,EQ,23189,13428,57.91
20,1265,SHRENUJ,EQ,948252,716589,75.57
20,1266,SHREYANIND,EQ,3036,839,27.64
20,1267,SHREYAS,EQ,20425,17176,84.09
20,1268,SHRIRAMCIT,EQ,695,418,60.14
20,1269,SHRIRAMCIT,N8,178,175,98.31
20,1270,SHRIRAMCIT,NA,310,310,100.00
20,1271,SHRIRAMCIT,NB,100,100,100.00
20,1272,SHRIRAMCIT,NE,10,10,100.00
20,1273,SHRIRAMEPC,EQ,10333,6589,63.77
20,1274,SHYAMCENT,EQ,2010,1930,96.02
20,1275,SHYAMTEL,EQ,6860,6053,88.24
20,1276,SICAGEN,EQ,6286,5701,90.69
20,1277,SICAL,EQ,3945,2463,62.43
20,1278,SIEMENS,EQ,271895,107807,39.65
20,1279,SIGNET,EQ,1669096,200796,12.03
20,1280,SIIL,SM,6000,0,0.00
20,1281,SILINV,EQ,183,5,2.73
20,1282,SIMPLEX,EQ,5750,5108,88.83
20,1283,SIMPLEXINF,EQ,22004,12579,57.17
20,1284,SINTEX,EQ,3207969,1284832,40.05
20,1285,SITICABLE,EQ,100987,67402,66.74
20,1286,SIYSIL,EQ,1087,912,83.90
20,1287,SJVN,EQ,863604,400836,46.41
20,1288,SKFINDIA,EQ,5612,3072,54.74
20,1289,SKIL,EQ,36079,31375,86.96
20,1290,SKIPPER,EQ,99932,83394,83.45
20,1291,SKMEGGPROD,EQ,108441,46745,43.11
20,1292,SKSMICRO,EQ,914690,304968,33.34
20,1293,SMARTLINK,EQ,19205,9679,50.40
20,1294,SMLISUZU,EQ,217020,70762,32.61
20,1295,SMPL,EQ,23772,22772,95.79
20,1296,SMSPHARMA,EQ,72910,55434,76.03
20,1297,SNOWMAN,EQ,549326,369985,67.35
20,1298,SOBHA,EQ,74400,43880,58.98
20,1299,SOLARINDS,EQ,1235,1050,85.02
20,1300,SOMANYCERA,EQ,14333,9686,67.58
20,1301,SOMATEX,EQ,1505,1300,86.38
20,1302,SONASTEER,EQ,447537,229073,51.19
20,1303,SONATSOFTW,EQ,210666,153499,72.86
20,1304,SOTL,EQ,3952,3554,89.93
20,1305,SOUTHBANK,EQ,1555989,505697,32.50
20,1306,SPARC,EQ,145605,49454,33.96
20,1307,SPECIALITY,EQ,58138,30613,52.66
20,1308,SPENTEX,EQ,33922,29500,86.96
20,1309,SPHEREGSL,EQ,25793,6103,23.66
20,1310,SPIC,EQ,45844,33409,72.88
20,1311,SPICEMOBI,EQ,78957,45960,58.21
20,1312,SPLIL,EQ,10211,7117,69.70
20,1313,SPMLINFRA,EQ,1184,748,63.18
20,1314,SPYL,EQ,135329,126796,93.69
20,1315,SQSBFSI,EQ,18490,7928,42.88
20,1316,SREINFRA,EQ,587631,342015,58.20
20,1317,SREINFRA,NO,45,45,100.00
20,1318,SRF,EQ,173826,49836,28.67
20,1319,SRHHYPOLTD,EQ,19760,14411,72.93
20,1320,SRIPIPES,EQ,88979,49055,55.13
20,1321,SRSLTD,EQ,538230,292156,54.28
20,1322,SRTRANSFIN,EQ,272457,152183,55.86
20,1323,SRTRANSFIN,N9,200,200,100.00
20,1324,SRTRANSFIN,NF,23,23,100.00
20,1325,SRTRANSFIN,NI,117,117,100.00
20,1326,SRTRANSFIN,NL,565,565,100.00
20,1327,SRTRANSFIN,NM,10,10,100.00
20,1328,SRTRANSFIN,NS,10,10,100.00
20,1329,SRTRANSFIN,NU,86,86,100.00
20,1330,SRTRANSFIN,NV,150,150,100.00
20,1331,SRTRANSFIN,NW,25,25,100.00
20,1332,SRTRANSFIN,NX,102,100,98.04
20,1333,SRTRANSFIN,NZ,25,25,100.00
20,1334,SRTRANSFIN,Y1,173,150,86.71
20,1335,SRTRANSFIN,Y2,50,50,100.00
20,1336,SRTRANSFIN,Y3,295,200,67.80
20,1337,SRTRANSFIN,Y8,136,136,100.00
20,1338,SRTRANSFIN,YA,100,100,100.00
20,1339,SRTRANSFIN,YC,2,2,100.00
20,1340,SSWL,EQ,3273,2055,62.79
20,1341,STAN,DR,8313,6932,83.39
20,1342,STAR,EQ,547013,228574,41.79
20,1343,STARPAPER,EQ,5982,5140,85.92
20,1344,STCINDIA,EQ,410015,51841,12.64
20,1345,STEL,EQ,1948,1945,99.85
20,1346,STERLINBIO,EQ,237888,189694,79.74
20,1347,STERTOOLS,EQ,1894,1808,95.46
20,1348,STOREONE,EQ,15844,8198,51.74
20,1349,STRTECH,EQ,526705,159458,30.27
20,1350,STYABS,EQ,4152,3179,76.57
20,1351,SUBEX,EQ,2032917,1198031,58.93
20,1352,SUBROS,EQ,205680,110915,53.93
20,1353,SUDAR,EQ,101489,79969,78.80
20,1354,SUDARSCHEM,EQ,27725,22533,81.27
20,1355,SUJANATWR,EQ,33142,32242,97.28
20,1356,SUJANAUNI,EQ,85227,72594,85.18
20,1357,SUMEETINDS,EQ,313196,190360,60.78
20,1358,SUMMITSEC,EQ,972,878,90.33
20,1359,SUNCLAYLTD,EQ,166,103,62.05
20,1360,SUNDARAM,EQ,82603,67668,81.92
20,1361,SUNDARMFIN,EQ,37273,32854,88.14
20,1362,SUNDRMBRAK,EQ,1225,1020,83.27
20,1363,SUNDRMFAST,EQ,88156,63966,72.56
20,1364,SUNFLAG,EQ,49800,35569,71.42
20,1365,SUNILHITEC,EQ,26656,15649,58.71
20,1366,SUNPHARMA,EQ,2331768,1319636,56.59
20,1367,SUNTECK,EQ,36892,18759,50.85
20,1368,SUNTV,EQ,805852,236366,29.33
20,1369,SUPERHOUSE,EQ,5630,4301,76.39
20,1370,SUPERSPIN,EQ,8416,8116,96.44
20,1371,SUPPETRO,EQ,92180,78653,85.33
20,1372,SUPRAJIT,EQ,26373,19325,73.28
20,1373,SUPREMEIND,EQ,14324,8859,61.85
20,1374,SUPREMEINF,EQ,1259402,230029,18.26
20,1375,SUPREMETEX,EQ,11145,11145,100.00
20,1376,SURANAIND,EQ,12060,11748,97.41
20,1377,SURANASOL,EQ,79530,60345,75.88
20,1378,SURANAT&P,EQ,14794,14626,98.86
20,1379,SURYAJYOTI,EQ,1034,1034,100.00
20,1380,SURYALAXMI,EQ,7210,4681,64.92
20,1381,SURYAROSNI,EQ,62155,24468,39.37
20,1382,SUTLEJTEX,EQ,1423,1069,75.12
20,1383,SUVEN,EQ,259110,123068,47.50
20,1384,SUZLON,EQ,23503364,9540079,40.59
20,1385,SWANENERGY,EQ,251754,41082,16.32
20,1386,SWARAJENG,EQ,577,219,37.95
20,1387,SWELECTES,EQ,6439,4631,71.92
20,1388,SYMPHONY,EQ,8883,4818,54.24
20,1389,SYNCOM,EQ,137428,92387,67.23
20,1390,SYNDIBANK,EQ,1310561,384647,29.35
20,1391,SYNGENE,EQ,113431,68318,60.23
20,1392,TAINWALCHM,EQ,260,225,86.54
20,1393,TAJGVK,EQ,17101,9046,52.90
20,1394,TAKE,EQ,387118,106796,27.59
20,1395,TALBROAUTO,EQ,20188,10496,51.99
20,1396,TALWALKARS,EQ,80971,57447,70.95
20,1397,TANLA,EQ,282753,96716,34.21
20,1398,TANTIACONS,EQ,16057,15977,99.50
20,1399,TARAJEWELS,EQ,70619,41868,59.29
20,1400,TARAPUR,EQ,29371,26100,88.86
20,1401,TARMAT,EQ,345,215,62.32
20,1402,TATACHEM,EQ,384845,182985,47.55
20,1403,TATACOFFEE,EQ,290380,174392,60.06
20,1404,TATACOMM,EQ,753883,277156,36.76
20,1405,TATAELXSI,EQ,273106,49551,18.14
20,1406,TATAGLOBAL,EQ,1230385,595272,48.38
20,1407,TATAINVEST,EQ,4882,3328,68.17
20,1408,TATAMETALI,EQ,249360,119063,47.75
20,1409,TATAMOTORS,EQ,5766182,2588400,44.89
20,1410,TATAMTRDVR,EQ,1589429,604574,38.04
20,1411,TATAPOWER,EQ,7172438,3030619,42.25
20,1412,TATASPONGE,EQ,194154,40971,21.10
20,1413,TATASTEEL,EQ,6377772,1070301,16.78
20,1414,TBZ,EQ,1422235,610126,42.90
20,1415,TCFSL,N8,60,50,83.33
20,1416,TCFSL,N9,60,60,100.00
20,1417,TCI,EQ,30253,22894,75.68
20,1418,TCIDEVELOP,EQ,2140,70,3.27
20,1419,TCIFINANCE,EQ,2825,2561,90.65
20,1420,TCS,EQ,1139217,698388,61.30
20,1421,TDPOWERSYS,EQ,4220,3741,88.65
20,1422,TEAMLEASE,EQ,55254,17704,32.04
20,1423,TECHM,EQ,1458923,942110,64.58
20,1424,TECHNO,EQ,4299,3562,82.86
20,1425,TECHNOFAB,EQ,3798,3022,79.57
20,1426,TEXINFRA,EQ,411568,91421,22.21
20,1427,TEXMOPIPES,EQ,202592,92654,45.73
20,1428,TEXRAIL,EQ,174011,69158,39.74
20,1429,TFCILTD,EQ,107973,65038,60.24
20,1430,TGBHOTELS,EQ,120626,110190,91.35
20,1431,THANGAMAYL,EQ,4840,303,6.26
20,1432,THEMISMED,EQ,267,246,92.13
20,1433,THERMAX,EQ,58371,33820,57.94
20,1434,THIRUSUGAR,EQ,116699,45978,39.40
20,1435,THOMASCOOK,EQ,55013,23309,42.37
20,1436,TI,EQ,89032,54985,61.76
20,1437,TIDEWATER,EQ,6122,3046,49.75
20,1438,TIIL,EQ,13158,7760,58.98
20,1439,TIJARIA,EQ,2100,1500,71.43
20,1440,TIL,EQ,34094,23562,69.11
20,1441,TIMESGTY,EQ,5350,5350,100.00
20,1442,TIMETECHNO,EQ,10386,8231,79.25
20,1443,TIMKEN,EQ,12289,9304,75.71
20,1444,TINPLATE,EQ,149380,55724,37.30
20,1445,TIPSINDLTD,EQ,5896,3501,59.38
20,1446,TIRUMALCHM,EQ,13797,8633,62.57
20,1447,TITAN,EQ,472224,232360,49.21
20,1448,TNPETRO,EQ,44056,33059,75.04
20,1449,TNPL,EQ,140513,70291,50.02
20,1450,TODAYS,EQ,3140,3140,100.00
20,1451,TOKYOPLAST,EQ,1824,1366,74.89
20,1452,TORNTPHARM,EQ,188653,72500,38.43
20,1453,TORNTPOWER,EQ,1726401,819206,47.45
20,1454,TPLPLASTEH,EQ,14699,201,1.37
20,1455,TREEHOUSE,EQ,218311,138647,63.51
20,1456,TRENT,EQ,5797,2599,44.83
20,1457,TRF,EQ,192050,39352,20.49
20,1458,TRICOM,EQ,5948,5948,100.00
20,1459,TRIDENT,EQ,361023,172333,47.73
20,1460,TRIGYN,EQ,29568,19445,65.76
20,1461,TRIL,EQ,12770,8450,66.17
20,1462,TRITURBINE,EQ,64410,36765,57.08
20,1463,TRIVENI,EQ,1340104,590623,44.07
20,1464,TTKHLTCARE,EQ,263,226,85.93
20,1465,TTKPRESTIG,EQ,4115,1358,33.00
20,1466,TTL,EQ,9116,7717,84.65
20,1467,TTML,EQ,1253712,779960,62.21
20,1468,TUBEINVEST,EQ,105863,94476,89.24
20,1469,TULSI,EQ,2255,2255,100.00
20,1470,TV18BRDCST,EQ,3158714,1084942,34.35
20,1471,TVSELECT,EQ,144692,68281,47.19
20,1472,TVSMOTOR,EQ,2388530,1118169,46.81
20,1473,TVSSRICHAK,EQ,3282,2211,67.37
20,1474,TVTODAY,EQ,359863,105451,29.30
20,1475,TWL,EQ,1334507,409892,30.71
20,1476,UBHOLDINGS,EQ,33977,22308,65.66
20,1477,UBL,EQ,815761,372834,45.70
20,1478,UCALFUEL,EQ,21671,16957,78.25
20,1479,UCOBANK,EQ,1169336,171307,14.65
20,1480,UFLEX,EQ,166655,86165,51.70
20,1481,UFO,EQ,11328,9338,82.43
20,1482,UGARSUGAR,EQ,31336,21010,67.05
20,1483,UJAAS,EQ,138475,93915,67.82
20,1484,ULTRACEMCO,EQ,352003,200478,56.95
20,1485,UMANGDAIRY,EQ,6520,5013,76.89
20,1486,UNICHEMLAB,EQ,28960,11374,39.27
20,1487,UNIENTER,EQ,28891,25826,89.39
20,1488,UNIONBANK,EQ,1862156,371221,19.94
20,1489,UNIPLY,EQ,29670,20417,68.81
20,1490,UNITECH,EQ,26265606,4829525,18.39
20,1491,UNITEDBNK,EQ,96304,73359,76.17
20,1492,UNITEDTEA,EQ,290,200,68.97
20,1493,UNITY,EQ,53828,36858,68.47
20,1494,UNIVCABLES,EQ,17205,13934,80.99
20,1495,UPERGANGES,EQ,125085,45957,36.74
20,1496,UPL,EQ,1058026,393567,37.20
20,1497,USHAMART,EQ,802877,666338,82.99
20,1498,USHERAGRO,EQ,18151,12769,70.35
20,1499,UTINIFTETF,EQ,75,75,100.00
20,1500,UTISENSETF,EQ,50,50,100.00
20,1501,UTTAMSTL,EQ,178315,65933,36.98
20,1502,UTTAMSUGAR,EQ,75518,35454,46.95
20,1503,UTTAMVALUE,EQ,683556,459732,67.26
20,1504,V2RETAIL,EQ,49620,40702,82.03
20,1505,VADILALIND,EQ,133885,24672,18.43
20,1506,VAIBHAVGBL,EQ,3208,2291,71.42
20,1507,VAKRANGEE,EQ,2583653,1507496,58.35
20,1508,VALECHAENG,EQ,20379,16511,81.02
20,1509,VALUEIND,EQ,31003,29195,94.17
20,1510,VARDHACRLC,EQ,21585,20095,93.10
20,1511,VARDMNPOLY,EQ,756,543,71.83
20,1512,VASCONEQ,EQ,988157,349756,35.39
20,1513,VASWANI,EQ,17695,13273,75.01
20,1514,VEDL,EQ,19598406,3883848,19.82
20,1515,VENKEYS,EQ,59746,18751,31.38
20,1516,VENUSREM,EQ,58916,28951,49.14
20,1517,VESUVIUS,EQ,5247,4812,91.71
20,1518,VETO,EQ,13281,9549,71.90
20,1519,VGUARD,EQ,5507,4007,72.76
20,1520,VHL,EQ,32,18,56.25
20,1521,VICEROY,EQ,46332,32208,69.52
20,1522,VIDEOIND,EQ,137888,89997,65.27
20,1523,VIDHIDYE,EQ,142254,72270,50.80
20,1524,VIJAYABANK,EQ,167386,119438,71.35
20,1525,VIJSHAN,EQ,1534,1334,86.96
20,1526,VIKASECO,EQ,2708172,1334085,49.26
20,1527,VIMALOIL,EQ,7098,4477,63.07
20,1528,VIMTALABS,EQ,15874,9051,57.02
20,1529,VINATIORGA,EQ,8954,5569,62.20
20,1530,VINDHYATEL,EQ,1061,856,80.68
20,1531,VINYLINDIA,EQ,9295,7138,76.79
20,1532,VIPIND,EQ,726871,256641,35.31
20,1533,VIPULLTD,EQ,202,202,100.00
20,1534,VISAKAIND,EQ,16978,13408,78.97
20,1535,VISASTEEL,EQ,4533,3065,67.62
20,1536,VISESHINFO,EQ,707393,503844,71.23
20,1537,VISHNU,EQ,39778,21791,54.78
20,1538,VISUINTL,EQ,14384,9384,65.24
20,1539,VIVIDHA,EQ,261436,219172,83.83
20,1540,VIVIMEDLAB,EQ,19279,5169,26.81
20,1541,VKSPL,EQ,29060,29060,100.00
20,1542,VLSFINANCE,EQ,89417,84882,94.93
20,1543,VMART,EQ,701,441,62.91
20,1544,VOLTAMP,EQ,26824,7314,27.27
20,1545,VOLTAS,EQ,1490099,490265,32.90
20,1546,VRLLOG,EQ,62263,34484,55.38
20,1547,VSSL,EQ,793,785,98.99
20,1548,VSTIND,EQ,583,440,75.47
20,1549,VSTTILLERS,EQ,1414,1113,78.71
20,1550,VTL,EQ,15383,8049,52.32
20,1551,WABAG,EQ,97422,34446,35.36
20,1552,WABCOINDIA,EQ,9671,5076,52.49
20,1553,WALCHANNAG,EQ,359411,68218,18.98
20,1554,WEBELSOLAR,EQ,47608,24222,50.88
20,1555,WEIZFOREX,EQ,2393,1134,47.39
20,1556,WEIZMANIND,EQ,1182,923,78.09
20,1557,WELCORP,EQ,1098263,269475,24.54
20,1558,WELENT,EQ,93816,55575,59.24
20,1559,WELINV,EQ,320,313,97.81
20,1560,WELSPUNIND,EQ,2334421,981616,42.05
20,1561,WENDT,EQ,15,13,86.67
20,1562,WHEELS,EQ,887,551,62.12
20,1563,WHIRLPOOL,EQ,27534,13206,47.96
20,1564,WILLAMAGOR,EQ,3734,1525,40.84
20,1565,WINDMACHIN,EQ,9451,6359,67.28
20,1566,WINSOME,EQ,8544,8544,100.00
20,1567,WIPRO,EQ,1442509,964519,66.86
20,1568,WOCKPHARMA,EQ,833208,107098,12.85
20,1569,WONDERLA,EQ,269129,227561,84.55
20,1570,WSI,EQ,5884,884,15.02
20,1571,WSTCSTPAPR,EQ,140077,91258,65.15
20,1572,XCHANGING,EQ,12626,7614,60.30
20,1573,XLENERGY,EQ,910,910,100.00
20,1574,XPROINDIA,EQ,5512,4637,84.13
20,1575,YESBANK,EQ,4193556,1619348,38.62
20,1576,ZANDUREALT,EQ,2078,964,46.39
20,1577,ZEEL,EQ,2149658,1437549,66.87
20,1578,ZEEL,P1,11802,11802,100.00
20,1579,ZEELEARN,EQ,60995,50719,83.15
20,1580,ZEEMEDIA,EQ,404296,228937,56.63
20,1581,ZENITHBIR,EQ,64985,47680,73.37
20,1582,ZENSARTECH,EQ,29631,19896,67.15
20,1583,ZENTEC,EQ,167122,56475,33.79
20,1584,ZICOM,EQ,108112,70717,65.41
20,1585,ZODIACLOTH,EQ,629,504,80.13
20,1586,ZUARI,EQ,42399,16225,38.27
20,1587,ZUARIGLOB,EQ,3170,1827,57.63
20,1588,ZYDUSWELL,EQ,1953,820,41.99
