Security Wise Delivery Position - Compulsory Rolling Settlement
10,MTO,15012015,465541077,0001541
Trade Date <15-JAN-2015>,Settlement Type <N>,Settlement No <2015011>,Settlement Date <19-JAN-2015>
Record Type,Sr No,Name of Security,Quantity Traded,Deliverable Quantity(gross across client level),% of Deliverable Quantity to Traded Quantity
20,1,20MICRONS,EQ,103198,33188,32.16
20,2,3IINFOTECH,EQ,792336,459317,57.97
20,3,3MINDIA,EQ,503,354,70.38
20,4,8KMILES,EQ,155760,30272,19.44
20,5,A2ZINFRA,EQ,273346,157784,57.72
20,6,AARTIDRUGS,EQ,51431,39591,76.98
20,7,AARTIIND,EQ,58758,31157,53.03
20,8,AARVEEDEN,EQ,490603,63868,13.02
20,9,ABAN,EQ,818682,209332,25.57
20,10,ABB,EQ,43272,13185,30.47
20,11,ABBOTINDIA,EQ,4537,2666,58.76
20,12,ABCIL,EQ,14207,13048,91.84
20,13,ABGSHIP,EQ,135450,104760,77.34
20,14,ABIRLANUVO,EQ,196522,126241,64.24
20,15,ACC,EQ,943897,637356,67.52
20,16,ACCELYA,EQ,23790,15273,64.20
20,17,ACE,EQ,155943,86502,55.47
20,18,ADANIENT,EQ,1301413,389921,29.96
20,19,ADANIPORTS,EQ,2140699,912377,42.62
20,20,ADANIPOWER,EQ,2940294,891992,30.34
20,21,ADFFOODS,EQ,53850,35502,65.93
20,22,ADHUNIK,EQ,95527,63491,66.46
20,23,ADORWELD,EQ,3654,2392,65.46
20,24,ADSL,EQ,307764,108576,35.28
20,25,ADVANIHOTR,EQ,2531,2530,99.96
20,26,ADVANTA,EQ,14990,10271,68.52
20,27,AEGISCHEM,EQ,20217,8489,41.99
20,28,AFL,EQ,3662,1986,54.23
20,29,AGARIND,EQ,61516,18780,30.53
20,30,AGCNET,EQ,5434,3547,65.27
20,31,AGRODUTCH,EQ,7672,5969,77.80
20,32,AHLEAST,EQ,979,625,63.84
20,33,AHLUCONT,EQ,45042,17593,39.06
20,34,AHLWEST,EQ,1035,954,92.17
20,35,AHMEDFORGE,EQ,160925,88381,54.92
20,36,AIAENG,EQ,152943,97517,63.76
20,37,AIL,EQ,62051,21878,35.26
20,38,AJANTPHARM,EQ,37905,17636,46.53
20,39,AJMERA,EQ,304558,67236,22.08
20,40,AKSHOPTFBR,EQ,110206,75068,68.12
20,41,AKZOINDIA,EQ,13732,11147,81.18
20,42,ALBK,EQ,4382664,1625172,37.08
20,43,ALCHEM,EQ,2267,1661,73.27
20,44,ALEMBICLTD,EQ,472287,221630,46.93
20,45,ALICON,EQ,5868,3125,53.25
20,46,ALKALI,EQ,15283,9995,65.40
20,47,ALKYLAMINE,EQ,5858,4190,71.53
20,48,ALLCARGO,EQ,73462,44023,59.93
20,49,ALLSEC,EQ,23874,14747,61.77
20,50,ALMONDZ,EQ,3070,3060,99.67
20,51,ALOKTEXT,EQ,7280127,2739535,37.63
20,52,ALPHAGEO,EQ,13395,8669,64.72
20,53,ALPSINDUS,EQ,5685,5685,100.00
20,54,ALSTOMT&D,EQ,24416,12327,50.49
20,55,AMARAJABAT,EQ,268236,179174,66.80
20,56,AMARJOTHI,EQ,1,1,100.00
20,57,AMBIKCO,EQ,1622,1187,73.18
20,58,AMBUJACEM,EQ,3732809,2356122,63.12
20,59,AMDIND,EQ,3768,2436,64.65
20,60,AMTEKAUTO,EQ,1195648,305276,25.53
20,61,AMTEKINDIA,EQ,768376,250522,32.60
20,62,AMTL,EQ,7355,3355,45.62
20,63,ANANTRAJ,EQ,4276306,1587748,37.13
20,64,ANDHRABANK,EQ,4234407,1600108,37.79
20,65,ANDHRACEMT,EQ,80232,49741,62.00
20,66,ANDHRSUGAR,EQ,8238,5846,70.96
20,67,ANGIND,EQ,70964,30267,42.65
20,68,ANKITMETAL,EQ,45094,38252,84.83
20,69,ANSALAPI,EQ,660974,388285,58.74
20,70,ANSALHSG,EQ,266413,129123,48.47
20,71,APARINDS,EQ,25136,17891,71.18
20,72,APCOTEXIND,EQ,7399,4406,59.55
20,73,APLAPOLLO,EQ,68074,62408,91.68
20,74,APLLTD,EQ,62693,26924,42.95
20,75,APOLLOHOSP,EQ,117612,64397,54.75
20,76,APOLLOTYRE,EQ,2777582,944195,33.99
20,77,APTECHT,EQ,122936,69924,56.88
20,78,ARCHIDPLY,EQ,44398,29341,66.09
20,79,ARCHIES,EQ,135389,70141,51.81
20,80,ARCOTECH,EQ,44002,8142,18.50
20,81,ARIES,EQ,183250,66022,36.03
20,82,ARIHANT,EQ,8867,4207,47.45
20,83,AROGRANITE,EQ,13316,10729,80.57
20,84,ARROWTEX,EQ,38107,27584,72.39
20,85,ARSHIYA,EQ,40961,26605,64.95
20,86,ARSSINFRA,EQ,122437,66453,54.28
20,87,ARVIND,EQ,1445532,322693,22.32
20,88,ARVINDREM,EQ,877648,486049,55.38
20,89,ASAHIINDIA,EQ,385484,225411,58.47
20,90,ASAHISONG,EQ,12316,8211,66.67
20,91,ASAL,EQ,6208,4591,73.95
20,92,ASHAPURMIN,EQ,106719,69288,64.93
20,93,ASHIANA,EQ,26431,9095,34.41
20,94,ASHIMASYN,EQ,29670,27880,93.97
20,95,ASHOKA,EQ,361656,193966,53.63
20,96,ASHOKLEY,EQ,13804228,5292192,38.34
20,97,ASIANHOTNR,EQ,4830,2989,61.88
20,98,ASIANPAINT,EQ,1308063,731064,55.89
20,99,ASIANTILES,EQ,30255,22881,75.63
20,100,ASSAMCO,EQ,543800,312522,57.47
20,101,ASTEC,EQ,57022,32605,57.18
20,102,ASTRAL,EQ,137358,124705,90.79
20,103,ASTRAMICRO,EQ,4824316,1506203,31.22
20,104,ASTRAZEN,EQ,1960,1079,55.05
20,105,ATFL,EQ,23801,17072,71.73
20,106,ATLANTA,EQ,211165,74435,35.25
20,107,ATLASCYCLE,EQ,14371,6077,42.29
20,108,ATUL,EQ,115628,29099,25.17
20,109,ATULAUTO,EQ,288659,83346,28.87
20,110,AURIONPRO,EQ,63836,31588,49.48
20,111,AUROPHARMA,EQ,1023115,743341,72.65
20,112,AUSTRAL,EQ,102294,81894,80.06
20,113,AUTOAXLES,EQ,2490,1443,57.95
20,114,AUTOIND,EQ,76968,35049,45.54
20,115,AUTOLITIND,EQ,10515,6666,63.40
20,116,AVANTI,EQ,5410,3924,72.53
20,117,AVTNPL,EQ,24129,16434,68.11
20,118,AXISBANK,EQ,6670800,3574210,53.58
20,119,AXISCADES,EQ,178095,59179,33.23
20,120,AXISGOLD,EQ,92,65,70.65
20,121,BAFNAPHARM,EQ,22683,19028,83.89
20,122,BAGFILMS,EQ,41363,34908,84.39
20,123,BAJAJ-AUTO,EQ,726566,175573,24.16
20,124,BAJAJCORP,EQ,384032,184046,47.92
20,125,BAJAJELEC,EQ,213242,84247,39.51
20,126,BAJAJFINSV,EQ,136827,88443,64.64
20,127,BAJAJHIND,EQ,1165180,563228,48.34
20,128,BAJAJHLDNG,EQ,27882,15901,57.03
20,129,BAJFINANCE,EQ,122320,55771,45.59
20,130,BALAJITELE,EQ,132598,112035,84.49
20,131,BALAMINES,EQ,7003,5217,74.50
20,132,BALKRISIND,EQ,51788,31736,61.28
20,133,BALLARPUR,EQ,471780,274386,58.16
20,134,BALMLAWRIE,EQ,61831,28915,46.76
20,135,BALPHARMA,EQ,52022,31312,60.19
20,136,BALRAMCHIN,EQ,392571,232655,59.26
20,137,BANARBEADS,EQ,706,604,85.55
20,138,BANARISUG,EQ,188,138,73.40
20,139,BANCOINDIA,EQ,58488,38207,65.32
20,140,BANG,EQ,42,40,95.24
20,141,BANKBARODA,EQ,1311318,559559,42.67
20,142,BANKBEES,EQ,5090,2527,49.65
20,143,BANKINDIA,EQ,3286107,1391569,42.35
20,144,BANSWRAS,EQ,6843,6172,90.19
20,145,BARTRONICS,EQ,53972,29013,53.76
20,146,BASF,EQ,17133,13107,76.50
20,147,BASML,EQ,1472,1370,93.07
20,148,BATAINDIA,EQ,234276,126726,54.09
20,149,BAYERCROP,EQ,38957,28190,72.36
20,150,BBL,EQ,27412,10613,38.72
20,151,BBTC,EQ,510195,123276,24.16
20,152,BEDMUTHA,EQ,36648,24373,66.51
20,153,BEL,EQ,111600,41338,37.04
20,154,BEML,EQ,471368,123642,26.23
20,155,BEPL,EQ,10555,3269,30.97
20,156,BERGEPAINT,EQ,1861013,1121796,60.28
20,157,BFINVEST,EQ,33397,21812,65.31
20,158,BFUTILITIE,EQ,144635,44910,31.05
20,159,BGRENERGY,EQ,190886,82681,43.31
20,160,BHAGYNAGAR,EQ,6321,3397,53.74
20,161,BHARATFORG,EQ,324669,112300,34.59
20,162,BHARATGEAR,EQ,18634,9347,50.16
20,163,BHARATRAS,EQ,892,595,66.70
20,164,BHARTIARTL,EQ,4475688,3516207,78.56
20,165,BHEL,EQ,5112154,1561790,30.55
20,166,BHUSANSTL,EQ,158797,97707,61.53
20,167,BIL,EQ,11535,4126,35.77
20,168,BILENERGY,EQ,4000,4000,100.00
20,169,BILPOWER,EQ,2641,2641,100.00
20,170,BIMETAL,EQ,68,44,64.71
20,171,BINANIIND,EQ,74504,35409,47.53
20,172,BINDALAGRO,EQ,51206,31893,62.28
20,173,BIOCON,EQ,464404,154866,33.35
20,174,BIRLACORPN,EQ,60289,33992,56.38
20,175,BIRLAMONEY,EQ,68309,38986,57.07
20,176,BLBLIMITED,EQ,1392,1091,78.38
20,177,BLISSGVS,EQ,367670,222277,60.46
20,178,BLKASHYAP,EQ,267364,214374,80.18
20,179,BLUECHIP,EQ,3000,3000,100.00
20,180,BLUEDART,EQ,7761,3746,48.27
20,181,BLUEDART,N1,4189,4100,97.88
20,182,BLUEDART,N2,3812,3812,100.00
20,183,BLUEDART,N3,1219,1219,100.00
20,184,BLUESTARCO,EQ,64589,42434,65.70
20,185,BLUESTINFO,EQ,6317,5511,87.24
20,186,BODALCHEM,EQ,591983,385011,65.04
20,187,BOMDYEING,EQ,665824,250695,37.65
20,188,BOSCHLTD,EQ,45461,25643,56.41
20,189,BPCL,EQ,1968046,1339477,68.06
20,190,BPL,EQ,609569,215610,35.37
20,191,BRANDHOUSE,EQ,28174,25707,91.24
20,192,BRFL,EQ,1481,1042,70.36
20,193,BRIGADE,EQ,309965,118343,38.18
20,194,BRITANNIA,EQ,190902,137081,71.81
20,195,BROADCAST,EQ,327,327,100.00
20,196,BROOKS,EQ,35695,27040,75.75
20,197,BSELINFRA,EQ,118073,98367,83.31
20,198,BSL,EQ,24975,21656,86.71
20,199,BSLGOLDETF,EQ,23,15,65.22
20,200,BSLIMITED,EQ,679602,201927,29.71
20,201,BSLNIFTY,EQ,65,65,100.00
20,202,BURNPUR,EQ,1024661,298476,29.13
20,203,BUTTERFLY,EQ,4029,3440,85.38
20,204,BVCL,EQ,2622,2286,87.19
20,205,CADILAHC,EQ,442039,421781,95.42
20,206,CAIRN,EQ,2912909,1391034,47.75
20,207,CANBK,EQ,2264066,780997,34.50
20,208,CANDC,EQ,14498,11468,79.10
20,209,CANFINHOME,EQ,111203,50613,45.51
20,210,CANTABIL,EQ,4183,4183,100.00
20,211,CAPF,EQ,434544,176774,40.68
20,212,CAPLIPOINT,EQ,10502,6159,58.65
20,213,CARBORUNIV,EQ,32716,24277,74.21
20,214,CAREERP,EQ,163763,75520,46.12
20,215,CARERATING,EQ,68679,54169,78.87
20,216,CASTROLIND,EQ,283731,213547,75.26
20,217,CCCL,EQ,59226,49754,84.01
20,218,CCL,EQ,189176,105262,55.64
20,219,CEATLTD,EQ,145301,46737,32.17
20,220,CEBBCO,EQ,101581,61041,60.09
20,221,CELEBRITY,EQ,6880,6547,95.16
20,222,CELESTIAL,EQ,324855,118966,36.62
20,223,CENTENKA,EQ,27487,15682,57.05
20,224,CENTEXT,EQ,13545,12513,92.38
20,225,CENTRALBK,EQ,1029178,571934,55.57
20,226,CENTUM,EQ,45538,28955,63.58
20,227,CENTURYPLY,EQ,232049,129600,55.85
20,228,CENTURYTEX,EQ,796555,178989,22.47
20,229,CERA,EQ,12862,7139,55.50
20,230,CEREBRAINT,EQ,153918,120305,78.16
20,231,CESC,EQ,576056,267938,46.51
20,232,CGCL,EQ,2498,1876,75.10
20,233,CHAMBLFERT,EQ,169899,113343,66.71
20,234,CHEMFALKAL,EQ,2401,1593,66.35
20,235,CHENNPETRO,EQ,139894,62173,44.44
20,236,CHESLINTEX,EQ,3210,3210,100.00
20,237,CHOLAFIN,EQ,349800,146168,41.79
20,238,CHROMATIC,EQ,48799,40899,83.81
20,239,CIGNITITEC,EQ,9295,6057,65.16
20,240,CIMMCO,EQ,4880,3274,67.09
20,241,CINELINE,EQ,460566,153855,33.41
20,242,CINEVISTA,EQ,3173,2700,85.09
20,243,CIPLA,EQ,1229115,818897,66.62
20,244,CLNINDIA,EQ,87247,61868,70.91
20,245,CLUTCHAUTO,EQ,37883,26066,68.81
20,246,CMAHENDRA,EQ,61314,50750,82.77
20,247,CMC,EQ,38934,19738,50.70
20,248,CNOVAPETRO,EQ,90,90,100.00
20,249,COALINDIA,EQ,2278050,1435542,63.02
20,250,COLPAL,EQ,215274,168940,78.48
20,251,COMPUAGE,EQ,11329,1247,11.01
20,252,COMPUSOFT,EQ,13621,8149,59.83
20,253,CONCOR,EQ,27205,18931,69.59
20,254,CONSOFINVT,EQ,1063,1058,99.53
20,255,CORDSCABLE,EQ,5062,3612,71.36
20,256,COREEDUTEC,EQ,166936,95994,57.50
20,257,COROENGG,EQ,4004,3999,99.88
20,258,COROMANDEL,EQ,50571,33782,66.80
20,259,CORPBANK,EQ,297374,162158,54.53
20,260,COSMOFILMS,EQ,37623,23207,61.68
20,261,COUNCODOS,EQ,701,700,99.86
20,262,COX&KINGS,EQ,205815,77086,37.45
20,263,CPSEETF,EQ,633686,598431,94.44
20,264,CREATIVEYE,EQ,9744,9342,95.87
20,265,CREST,EQ,562,444,79.00
20,266,CRISIL,EQ,3648,2647,72.56
20,267,CROMPGREAV,EQ,2441301,965169,39.54
20,268,CTE,EQ,500,500,100.00
20,269,CUB,EQ,553402,364838,65.93
20,270,CUMMINSIND,EQ,143693,117910,82.06
20,271,CURATECH,EQ,279,200,71.68
20,272,CYBERTECH,EQ,33284,15339,46.09
20,273,CYIENT,EQ,732961,175149,23.90
20,274,DAAWAT,EQ,5820,5010,86.08
20,275,DABUR,EQ,2159249,1198390,55.50
20,276,DALMIABHA,EQ,25162,14783,58.75
20,277,DALMIAREF,EQ,511,470,91.98
20,278,DALMIASUG,EQ,21783,15514,71.22
20,279,DATAMATICS,EQ,797348,651057,81.65
20,280,DBCORP,EQ,432765,263964,60.99
20,281,DBREALTY,EQ,1417105,474284,33.47
20,282,DBSTOCKBRO,EQ,32180,0,0.00
20,283,DCBBANK,EQ,2258474,1070357,47.39
20,284,DCM,EQ,21784,10283,47.20
20,285,DCMSHRIRAM,EQ,55329,35490,64.14
20,286,DCW,EQ,386059,211883,54.88
20,287,DECCANCE,EQ,6138,5783,94.22
20,288,DEEPAKFERT,EQ,80207,41446,51.67
20,289,DEEPAKNTR,EQ,19546,12205,62.44
20,290,DEEPIND,EQ,209324,87844,41.97
20,291,DELTACORP,EQ,5617757,1877177,33.42
20,292,DELTAMAGNT,EQ,2,1,50.00
20,293,DEN,EQ,416535,236154,56.69
20,294,DENABANK,EQ,1359903,690389,50.77
20,295,DENORA,EQ,956,739,77.30
20,296,DHAMPURSUG,EQ,80246,52645,65.60
20,297,DHANBANK,EQ,604319,325550,53.87
20,298,DHANUKA,EQ,26413,22745,86.11
20,299,DHARSUGAR,EQ,4037,2755,68.24
20,300,DHFL,EQ,3155947,1051045,33.30
20,301,DHUNINV,EQ,1529,867,56.70
20,302,DIAPOWER,EQ,77433,33591,43.38
20,303,DICIND,EQ,4264,2707,63.48
20,304,DIGJAM,EQ,379536,223295,58.83
20,305,DISHMAN,EQ,245305,112453,45.84
20,306,DISHTV,EQ,2572685,809045,31.45
20,307,DIVISLAB,EQ,94377,52040,55.14
20,308,DLF,EQ,17725500,2635654,14.87
20,309,DLINKINDIA,EQ,40271,21591,53.61
20,310,DOLPHINOFF,EQ,244772,70419,28.77
20,311,DONEAR,EQ,1000,1000,100.00
20,312,DPL,EQ,10436,7997,76.63
20,313,DPSCLTD,EQ,3734,3730,99.89
20,314,DQE,EQ,31683,22058,69.62
20,315,DRDATSONS,EQ,5425480,1798184,33.14
20,316,DREDGECORP,EQ,37254,12208,32.77
20,317,DRREDDY,EQ,443672,316748,71.39
20,318,DSKULKARNI,EQ,22960,8060,35.10
20,319,DSSL,EQ,25,25,100.00
20,320,DWARKESH,EQ,5656,3670,64.89
20,321,DYNAMATECH,EQ,2934,2659,90.63
20,322,DYNATECH,EQ,8012,7912,98.75
20,323,EASTSILK,EQ,13223,10041,75.94
20,324,EASUNREYRL,EQ,8629,7268,84.23
20,325,ECEIND,EQ,940,468,49.79
20,326,ECLERX,EQ,4041,2290,56.67
20,327,ECLFINANCE,N1,51,51,100.00
20,328,ECLFINANCE,N3,638,440,68.97
20,329,ECLFINANCE,N4,79,79,100.00
20,330,ECLFINANCE,N5,160,105,65.62
20,331,ECLFINANCE,N6,20,10,50.00
20,332,ECLFINANCE,N7,70,70,100.00
20,333,EDELWEISS,EQ,936545,544662,58.16
20,334,EDL,EQ,15533,12360,79.57
20,335,EDUCOMP,EQ,531578,274576,51.65
20,336,EICHERMOT,EQ,46169,20957,45.39
20,337,EIDPARRY,EQ,48198,26233,54.43
20,338,EIHAHOTELS,EQ,2072,1439,69.45
20,339,EIHOTEL,EQ,641039,584193,91.13
20,340,EKC,EQ,100049,56509,56.48
20,341,ELDERPHARM,EQ,125072,46010,36.79
20,342,ELECON,EQ,730177,528965,72.44
20,343,ELECTCAST,EQ,162730,117936,72.47
20,344,ELECTHERM,EQ,621,593,95.49
20,345,ELGIEQUIP,EQ,13976,10029,71.76
20,346,ELGIRUBCO,EQ,22599,18608,82.34
20,347,EMAMIINFRA,EQ,31337,16096,51.36
20,348,EMAMILTD,EQ,148392,89964,60.63
20,349,EMCO,EQ,165749,107364,64.78
20,350,EMKAY,EQ,14712,10975,74.60
20,351,EMMBI,EQ,43248,21433,49.56
20,352,ENERGYDEV,EQ,4618,2600,56.30
20,353,ENGINERSIN,EQ,307233,115561,37.61
20,354,ENIL,EQ,1568,950,60.59
20,355,EON,EQ,15197,9627,63.35
20,356,ERAINFRA,EQ,1391953,747519,53.70
20,357,EROSMEDIA,EQ,109807,50433,45.93
20,358,ESABINDIA,EQ,9616,7063,73.45
20,359,ESCORTS,EQ,514068,169732,33.02
20,360,ESL,EQ,255508,184526,72.22
20,361,ESSAROIL,EQ,162021,113401,69.99
20,362,ESSARPORTS,EQ,25149,19800,78.73
20,363,ESSARSHPNG,EQ,16823,15370,91.36
20,364,ESSDEE,EQ,102592,39391,38.40
20,365,ESSELPACK,EQ,85366,62574,73.30
20,366,ESTER,EQ,13014,12037,92.49
20,367,EUROCERA,EQ,734,704,95.91
20,368,EUROTEXIND,EQ,9,8,88.89
20,369,EVEREADY,EQ,1071613,351465,32.80
20,370,EVERESTIND,EQ,14637,9446,64.54
20,371,EVERONN,EQ,62659,29571,47.19
20,372,EXCELCROP,EQ,3826,2252,58.86
20,373,EXCELINDUS,EQ,9228,6270,67.95
20,374,EXCELINFO,EQ,29793,27069,90.86
20,375,EXIDEIND,EQ,2149866,1246354,57.97
20,376,FACT,EQ,18796,10584,56.31
20,377,FAGBEARING,EQ,1939,1673,86.28
20,378,FARMAXIND,EQ,60207,44207,73.43
20,379,FCEL,EQ,1344467,718031,53.41
20,380,FCL,EQ,63143,21299,33.73
20,381,FCSSOFT,EQ,851666,411727,48.34
20,382,FDC,EQ,28877,24169,83.70
20,383,FEDDERLOYD,EQ,26963,18393,68.22
20,384,FEDERALBNK,EQ,9391739,4617091,49.16
20,385,FIEMIND,EQ,339598,186149,54.81
20,386,FINANTECH,EQ,197733,65133,32.94
20,387,FINCABLES,EQ,163967,67945,41.44
20,388,FINPIPE,EQ,115513,49442,42.80
20,389,FLEXITUFF,EQ,22086,695,3.15
20,390,FLFL,EQ,22334,15199,68.05
20,391,FMGOETZE,EQ,9666,4075,42.16
20,392,FMNL,EQ,1005,1005,100.00
20,393,FORTIS,EQ,150632,72052,47.83
20,394,FOSECOIND,EQ,488,252,51.64
20,395,FRL,EQ,644209,413961,64.26
20,396,FRLDVR,EQ,66138,62770,94.91
20,397,FSL,EQ,955479,551314,57.70
20,398,GABRIEL,EQ,167686,92230,55.00
20,399,GAEL,EQ,35780,20584,57.53
20,400,GAIL,EQ,2159488,1593094,73.77
20,401,GAL,EQ,6376,4027,63.16
20,402,GALLANTT,EQ,41920,27983,66.75
20,403,GALLISPAT,EQ,75273,29892,39.71
20,404,GAMMNINFRA,EQ,505434,217502,43.03
20,405,GAMMONIND,EQ,735524,413412,56.21
20,406,GANDHITUBE,EQ,2373,1519,64.01
20,407,GANESHHOUC,EQ,46352,22045,47.56
20,408,GARDENSILK,EQ,10281,8063,78.43
20,409,GARWALLROP,EQ,35466,26428,74.52
20,410,GATI,EQ,886894,243587,27.47
20,411,GAYAPROJ,EQ,10634,8152,76.66
20,412,GDL,EQ,263845,216701,82.13
20,413,GEECEE,EQ,3885,3682,94.77
20,414,GEINDSYS,EQ,2662,2017,75.77
20,415,GEMINI,EQ,4600,4300,93.48
20,416,GENESYS,EQ,10772,9668,89.75
20,417,GENUSPOWER,EQ,84305,38431,45.59
20,418,GEOJITBNPP,EQ,219055,144982,66.19
20,419,GEOMETRIC,EQ,169374,105220,62.12
20,420,GESHIP,EQ,45263,26571,58.70
20,421,GHCL,EQ,69374,48522,69.94
20,422,GICHSGFIN,EQ,676395,141263,20.88
20,423,GILLANDERS,EQ,6296,4667,74.13
20,424,GILLETTE,EQ,1734,828,47.75
20,425,GINNIFILA,EQ,27458,21251,77.39
20,426,GIPCL,EQ,20296,14592,71.90
20,427,GITANJALI,EQ,376392,199236,52.93
20,428,GKB,EQ,52991,30684,57.90
20,429,GKWLIMITED,EQ,613,560,91.35
20,430,GLAXO,EQ,13247,6623,50.00
20,431,GLENMARK,EQ,488103,295878,60.62
20,432,GLFL,EQ,250,250,100.00
20,433,GLOBALVECT,EQ,10415,6529,62.69
20,434,GLOBOFFS,EQ,60712,34784,57.29
20,435,GLOBUSSPR,EQ,67911,28049,41.30
20,436,GMBREW,EQ,513763,84678,16.48
20,437,GMDCLTD,EQ,89035,55845,62.72
20,438,GMRINFRA,EQ,39800672,20019288,50.30
20,439,GNFC,EQ,45079,30600,67.88
20,440,GOACARBON,EQ,27087,10110,37.32
20,441,GODFRYPHLP,EQ,17905,10528,58.80
20,442,GODREJCP,EQ,220895,188942,85.53
20,443,GODREJIND,EQ,911794,361100,39.60
20,444,GODREJPROP,EQ,328186,111929,34.11
20,445,GOKEX,EQ,52319,42699,81.61
20,446,GOKUL,EQ,3128,2832,90.54
20,447,GOLDBEES,EQ,15694,6486,41.33
20,448,GOLDENTOBC,EQ,18929,8974,47.41
20,449,GOLDIAM,EQ,7311,6631,90.70
20,450,GOLDINFRA,EQ,78066,56320,72.14
20,451,GOLDSHARE,EQ,2081,1352,64.97
20,452,GOLDTECH,EQ,6718,6214,92.50
20,453,GOODLUCK,EQ,122187,15206,12.44
20,454,GPIL,EQ,64253,36239,56.40
20,455,GPPL,EQ,634373,278129,43.84
20,456,GRANULES,EQ,45177,18110,40.09
20,457,GRAPHITE,EQ,69294,57940,83.61
20,458,GRASIM,EQ,107561,49987,46.47
20,459,GRASIM,IL,16396,16396,100.00
20,460,GRAVITA,EQ,72315,35840,49.56
20,461,GREAVESCOT,EQ,246244,146504,59.50
20,462,GREENFIRE,EQ,13800,13010,94.28
20,463,GREENPLY,EQ,2456,1733,70.56
20,464,GREENPOWER,EQ,127968,81010,63.30
20,465,GRINDWELL,EQ,5639,3647,64.67
20,466,GRUH,EQ,428604,206176,48.10
20,467,GSCLCEMENT,EQ,111058,56361,50.75
20,468,GSFC,EQ,300900,164327,54.61
20,469,GSKCONS,EQ,13043,11013,84.44
20,470,GSPL,EQ,613056,258905,42.23
20,471,GSS,EQ,4732,3831,80.96
20,472,GTL,EQ,123691,86964,70.31
20,473,GTLINFRA,EQ,888744,697938,78.53
20,474,GTNIND,EQ,580,500,86.21
20,475,GTNTEX,EQ,3014,2112,70.07
20,476,GTOFFSHORE,EQ,65490,33320,50.88
20,477,GUFICBIO,EQ,62385,33558,53.79
20,478,GUJALKALI,EQ,863370,596893,69.14
20,479,GUJAPOLLO,EQ,35959,15132,42.08
20,480,GUJFLUORO,EQ,26144,17727,67.81
20,481,GUJNRECOKE,EQ,3007362,1409599,46.87
20,482,GUJNREDVR,EQ,89803,83070,92.50
20,483,GUJRATGAS,EQ,160196,43904,27.41
20,484,GULFCORP,EQ,33296,13291,39.92
20,485,GULFOILLUB,EQ,24499,10448,42.65
20,486,GVKPIL,EQ,12906087,4850944,37.59
20,487,HANUNG,EQ,186365,95918,51.47
20,488,HARITASEAT,EQ,1240,795,64.11
20,489,HARRMALAYA,EQ,20426,12505,61.22
20,490,HATHWAY,EQ,11373881,10054110,88.40
20,491,HATSUN,EQ,5310,3891,73.28
20,492,HAVELLS,EQ,2913614,2066170,70.91
20,493,HBLPOWER,EQ,1438653,607223,42.21
20,494,HBSTOCK,EQ,3205,3005,93.76
20,495,HCC,EQ,5816449,2644860,45.47
20,496,HCIL,EQ,12078,7083,58.64
20,497,HCL-INSYS,EQ,1862314,444539,23.87
20,498,HCLTECH,EQ,914744,594162,64.95
20,499,HDFC,EQ,3691695,2190164,59.33
20,500,HDFCBANK,EQ,2849619,1699220,59.63
20,501,HDFCBANK,IL,112528,0,0.00
20,502,HDFCMFGETF,EQ,1728,1063,61.52
20,503,HDIL,EQ,37588909,6481559,17.24
20,504,HEG,EQ,83922,28306,33.73
20,505,HEIDELBERG,EQ,1336883,1039933,77.79
20,506,HELIOSMATH,EQ,83661,42808,51.17
20,507,HERCULES,EQ,23183,9632,41.55
20,508,HERITGFOOD,EQ,30197,11413,37.80
20,509,HEROMOTOCO,EQ,548030,418797,76.42
20,510,HEXATRADEX,EQ,7350,4909,66.79
20,511,HEXAWARE,EQ,1292540,402616,31.15
20,512,HFCL,EQ,4480066,1978710,44.17
20,513,HGS,EQ,5992,3888,64.89
20,514,HIKAL,EQ,4957,1779,35.89
20,515,HIL,EQ,14833,9446,63.68
20,516,HILTON,EQ,4324,3510,81.17
20,517,HIMATSEIDE,EQ,74685,45019,60.28
20,518,HINDALCO,EQ,10860317,4617044,42.51
20,519,HINDCOMPOS,EQ,240,197,82.08
20,520,HINDCOPPER,EQ,134011,62048,46.30
20,521,HINDDORROL,EQ,480686,303765,63.19
20,522,HINDMOTORS,EQ,176488,147560,83.61
20,523,HINDNATGLS,EQ,510,510,100.00
20,524,HINDOILEXP,EQ,546674,168285,30.78
20,525,HINDPETRO,EQ,1168405,276401,23.66
20,526,HINDSYNTEX,EQ,355,355,100.00
20,527,HINDUJAFO,EQ,945,450,47.62
20,528,HINDUJAVEN,EQ,7584,4205,55.45
20,529,HINDUNILVR,EQ,3534537,1784758,50.49
20,530,HINDZINC,EQ,3260692,2287797,70.16
20,531,HIRECT,EQ,30864,19722,63.90
20,532,HITACHIHOM,EQ,90026,26704,29.66
20,533,HITECHGEAR,EQ,142229,58756,41.31
20,534,HITECHPLAS,EQ,7591,3965,52.23
20,535,HMT,EQ,1744578,418125,23.97
20,536,HMVL,EQ,38879,24268,62.42
20,537,HNGSNGBEES,EQ,18,16,88.89
20,538,HOCL,EQ,32265,18274,56.64
20,539,HONAUT,EQ,484,373,77.07
20,540,HONDAPOWER,EQ,2026,1472,72.66
20,541,HOTELEELA,EQ,248253,161811,65.18
20,542,HOVS,EQ,35356,10758,30.43
20,543,HSIL,EQ,598785,191117,31.92
20,544,HTMEDIA,EQ,107121,87837,82.00
20,545,HUBTOWN,EQ,106314,33188,31.22
20,546,HUDCO,N2,6777,5732,84.58
20,547,HUDCO,N3,150,150,100.00
20,548,HUDCO,N4,20,20,100.00
20,549,HUDCO,N5,20,20,100.00
20,550,HUDCO,N7,10,10,100.00
20,551,HYDROS&S,EQ,9660,6719,69.55
20,552,IBREALEST,EQ,15947378,2599264,16.30
20,553,IBSEC,EQ,446003,306339,68.69
20,554,IBULHSGFIN,EQ,4525758,2573733,56.87
20,555,IBWSL,EQ,111261,70133,63.03
20,556,ICICIBANK,EQ,15148172,7113683,46.96
20,557,ICIL,EQ,33795,25011,74.01
20,558,ICNX100,EQ,42,30,71.43
20,559,ICRA,EQ,897,513,57.19
20,560,ICSA,EQ,27145,20384,75.09
20,561,IDBI,EQ,3789499,1427112,37.66
20,562,IDBIGOLD,EQ,9,9,100.00
20,563,IDEA,EQ,11270903,10140479,89.97
20,564,IDFC,EQ,20033708,9540168,47.62
20,565,IFBAGRO,EQ,6968,4845,69.53
20,566,IFBIND,EQ,54712,37397,68.35
20,567,IFCI,EQ,5655476,1792687,31.70
20,568,IFGLREFRAC,EQ,5789,3160,54.59
20,569,IGARASHI,EQ,90858,33914,37.33
20,570,IGL,EQ,353018,155487,44.05
20,571,IGOLD,EQ,155,91,58.71
20,572,IGPL,EQ,4117,3400,82.58
20,573,IIFL,EQ,90833,68486,75.40
20,574,IIFLFIN,N4,62,62,100.00
20,575,IIFLFIN,N5,7830,7691,98.22
20,576,IIFLFIN,N6,27,27,100.00
20,577,IIFLFIN,N7,200,100,50.00
20,578,IIFLFIN,N8,1498,1321,88.18
20,579,IIFLFIN,N9,45,45,100.00
20,580,IIFLFIN,NA,390,340,87.18
20,581,IIFLFIN,NB,5,5,100.00
20,582,IIFLNIFTY,EQ,84,76,90.48
20,583,IIHFL,N1,491,470,95.72
20,584,IIHFL,N2,1880,1202,63.94
20,585,IIHFL,N3,70,70,100.00
20,586,IITL,EQ,410,410,100.00
20,587,IL&FSENGG,EQ,84616,49449,58.44
20,588,IL&FSTRANS,EQ,640334,410368,64.09
20,589,IMFA,EQ,375,372,99.20
20,590,IMPAL,EQ,1905,1269,66.61
20,591,IMPEXFERRO,EQ,19187,19185,99.99
20,592,INDBANK,EQ,386579,154218,39.89
20,593,INDHOTEL,D1,3548,2949,83.12
20,594,INDHOTEL,EQ,1266807,1209408,95.47
20,595,INDIACEM,EQ,4640932,1182065,25.47
20,596,INDIAGLYCO,EQ,43069,16388,38.05
20,597,INDIANB,EQ,357809,242002,67.63
20,598,INDIANCARD,EQ,1987,1066,53.65
20,599,INDIANHUME,EQ,19034,13717,72.07
20,600,INDLMETER,EQ,18362,10016,54.55
20,601,INDNIPPON,EQ,1687,1059,62.77
20,602,INDOCO,EQ,30061,16837,56.01
20,603,INDORAMA,EQ,3451,1584,45.90
20,604,INDOSOLAR,EQ,4206240,1701541,40.45
20,605,INDOTECH,EQ,5226,4000,76.54
20,606,INDOTHAI,EQ,107,107,100.00
20,607,INDRAMEDCO,EQ,293361,119938,40.88
20,608,INDSWFTLAB,EQ,29688,18982,63.94
20,609,INDTERRAIN,EQ,3267,2976,91.09
20,610,INDUSINDBK,EQ,1493767,607171,40.65
20,611,INFINITE,EQ,23258,12686,54.54
20,612,INFODRIVE,EQ,193925,137484,70.90
20,613,INFOMEDIA,EQ,76027,53835,70.81
20,614,INFRABEES,EQ,2765,2302,83.25
20,615,INFRATEL,EQ,978890,830733,84.86
20,616,INFY,EQ,2085613,1410992,67.65
20,617,INGERRAND,EQ,11212,6166,54.99
20,618,INGVYSYABK,EQ,263813,95914,36.36
20,619,INIFTY,EQ,983,580,59.00
20,620,INNOIND,EQ,24155,22846,94.58
20,621,INOXLEISUR,EQ,82700,62478,75.55
20,622,INSECTICID,EQ,47278,37342,78.98
20,623,INTELLECT,EQ,2757082,674398,24.46
20,624,INVENTURE,EQ,10010,6599,65.92
20,625,IOB,EQ,2183211,829866,38.01
20,626,IOC,EQ,856657,287879,33.60
20,627,IOLCP,EQ,35181,5851,16.63
20,628,IPAPPM,EQ,30308,20389,67.27
20,629,IPCALAB,EQ,119078,85503,71.80
20,630,IPRINGLTD,EQ,1640,1201,73.23
20,631,IRB,EQ,2338428,476712,20.39
20,632,IREDA,N5,210,100,47.62
20,633,IREDA,N6,2,1,50.00
20,634,IRFC,N1,26,26,100.00
20,635,IRFC,N2,100,100,100.00
20,636,IRFC,N9,7,7,100.00
20,637,IRFC,NA,636,325,51.10
20,638,IRFC,NE,21,21,100.00
20,639,ISFT,EQ,7571,7557,99.82
20,640,ISMTLTD,EQ,72597,42653,58.75
20,641,ITC,EQ,10698478,7048040,65.88
20,642,ITDCEM,EQ,11636,10620,91.27
20,643,ITI,EQ,1274023,446493,35.05
20,644,IVC,EQ,283604,209276,73.79
20,645,IVP,EQ,192,182,94.79
20,646,IVRCLINFRA,EQ,3106298,1416549,45.60
20,647,J&KBANK,EQ,430594,253400,58.85
20,648,JAGRAN,EQ,71733,44936,62.64
20,649,JAGSNPHARM,EQ,37071,20633,55.66
20,650,JAIBALAJI,EQ,19724,17940,90.96
20,651,JAICORPLTD,EQ,1145637,379894,33.16
20,652,JAIHINDPRO,EQ,2830,2747,97.07
20,653,JAMNAAUTO,EQ,1563,752,48.11
20,654,JAYAGROGN,EQ,4976,3749,75.34
20,655,JAYBARMARU,EQ,222739,110223,49.49
20,656,JAYNECOIND,EQ,96593,55677,57.64
20,657,JAYSREETEA,EQ,24720,10162,41.11
20,658,JBCHEPHARM,EQ,40994,25697,62.68
20,659,JBFIND,EQ,103807,45999,44.31
20,660,JBMA,EQ,591681,160530,27.13
20,661,JCTEL,EQ,6515,6515,100.00
20,662,JENSONICOL,EQ,40464,33272,82.23
20,663,JETAIRWAYS,EQ,2347352,773048,32.93
20,664,JIKIND,EQ,3011,1511,50.18
20,665,JINDALPHOT,EQ,24785,13761,55.52
20,666,JINDALPOLY,EQ,93188,44800,48.07
20,667,JINDALSAW,EQ,914616,439625,48.07
20,668,JINDALSTEL,EQ,7036088,2576854,36.62
20,669,JINDCOT,EQ,16874,12178,72.17
20,670,JINDRILL,EQ,24880,11890,47.79
20,671,JINDWORLD,EQ,1110,205,18.47
20,672,JISLDVREQS,EQ,56245,42107,74.86
20,673,JISLJALEQS,EQ,3326038,1180537,35.49
20,674,JKCEMENT,EQ,142565,90140,63.23
20,675,JKIL,EQ,33747,18080,53.58
20,676,JKLAKSHMI,EQ,215011,157460,73.23
20,677,JKPAPER,EQ,40563,30700,75.68
20,678,JKTYRE,EQ,1682661,840340,49.94
20,679,JMCPROJECT,EQ,36889,14379,38.98
20,680,JMFINANCIL,EQ,921341,338452,36.73
20,681,JMTAUTOLTD,EQ,239905,65527,27.31
20,682,JOCIL,EQ,2095,1469,70.12
20,683,JPASSOCIAT,EQ,45687839,13638514,29.85
20,684,JPINFRATEC,EQ,1790615,817222,45.64
20,685,JPOLYINVST,EQ,3998,2803,70.11
20,686,JPPOWER,EQ,7189622,2607263,36.26
20,687,JSL,EQ,328136,127378,38.82
20,688,JSWENERGY,EQ,5443078,1884467,34.62
20,689,JSWHL,EQ,15529,6203,39.94
20,690,JSWSTEEL,EQ,681434,266293,39.08
20,691,JSWSTEEL,P2,29320,29320,100.00
20,692,JUBILANT,EQ,153320,50439,32.90
20,693,JUBLFOOD,EQ,210052,125657,59.82
20,694,JUBLINDS,EQ,5630,3094,54.96
20,695,JUNIORBEES,EQ,8694,4596,52.86
20,696,JUSTDIAL,EQ,238111,57791,24.27
20,697,JVLAGRO,EQ,49373,38105,77.18
20,698,JYOTHYLAB,EQ,41072,24326,59.23
20,699,JYOTISTRUC,EQ,512078,279927,54.66
20,700,KABRAEXTRU,EQ,40556,24249,59.79
20,701,KAJARIACER,EQ,282041,172744,61.25
20,702,KAKATCEM,EQ,9900,6653,67.20
20,703,KALINDEE,EQ,88209,39682,44.99
20,704,KALPATPOWR,EQ,413466,207420,50.17
20,705,KAMATHOTEL,EQ,1865,1009,54.10
20,706,KANANIIND,EQ,569,569,100.00
20,707,KANORICHEM,EQ,48327,36351,75.22
20,708,KANSAINER,EQ,14753,10405,70.53
20,709,KARMAENG,EQ,752,642,85.37
20,710,KARURKCP,EQ,97,65,67.01
20,711,KARURVYSYA,EQ,200805,126998,63.24
20,712,KAUSHALYA,EQ,40980,38366,93.62
20,713,KAVVERITEL,EQ,2195,2161,98.45
20,714,KBIL,EQ,34,34,100.00
20,715,KCP,EQ,787019,220279,27.99
20,716,KCPSUGIND,EQ,209769,165182,78.74
20,717,KEC,EQ,141449,84200,59.53
20,718,KECL,EQ,2888,1929,66.79
20,719,KEI,EQ,206463,110509,53.52
20,720,KEMROCK,EQ,6821,1830,26.83
20,721,KESARENT,EQ,360,360,100.00
20,722,KESORAMIND,EQ,308516,145843,47.27
20,723,KGL,EQ,596607,258456,43.32
20,724,KHAITANELE,EQ,10056,7787,77.44
20,725,KICL,EQ,335,151,45.07
20,726,KIL,EQ,18285,15516,84.86
20,727,KILITCH,EQ,24105,13293,55.15
20,728,KIRIINDUS,EQ,52473,20550,39.16
20,729,KIRLOSBROS,EQ,1762,995,56.47
20,730,KIRLOSENG,EQ,60084,34074,56.71
20,731,KIRLOSIND,EQ,415,390,93.98
20,732,KITEX,EQ,85196,30976,36.36
20,733,KKCL,EQ,187,127,67.91
20,734,KLRF,EQ,475,475,100.00
20,735,KMSUGAR,EQ,8740,7915,90.56
20,736,KNRCON,EQ,11672,8821,75.57
20,737,KOHINOOR,EQ,20163,13316,66.04
20,738,KOKUYOCMLN,EQ,233774,146125,62.51
20,739,KOLTEPATIL,EQ,417850,146249,35.00
20,740,KOPRAN,EQ,265643,93751,35.29
20,741,KOTAKBANK,EQ,1985409,1422037,71.62
20,742,KOTAKBKETF,EQ,647,334,51.62
20,743,KOTAKGOLD,EQ,2089,1085,51.94
20,744,KOTAKNIFTY,EQ,52619,1091,2.07
20,745,KOTAKPSUBK,EQ,60653,58843,97.02
20,746,KOTARISUG,EQ,8857,8007,90.40
20,747,KOTHARIPET,EQ,17328,12504,72.16
20,748,KOTHARIPRO,EQ,2940,1506,51.22
20,749,KPIT,EQ,1482275,655427,44.22
20,750,KPRMILL,EQ,42902,19769,46.08
20,751,KRBL,EQ,127790,78352,61.31
20,752,KRITIIND,EQ,3435,3064,89.20
20,753,KSBPUMPS,EQ,16923,11662,68.91
20,754,KSCL,EQ,92311,64131,69.47
20,755,KSERASERA,EQ,239219,168810,70.57
20,756,KSK,EQ,172408,60550,35.12
20,757,KSL,EQ,61177,26343,43.06
20,758,KTIL,EQ,5800,4041,69.67
20,759,KTKBANK,EQ,3499878,1178542,33.67
20,760,KWALITY,EQ,303926,59209,19.48
20,761,L&TFH,EQ,4149704,1651855,39.81
20,762,L&TFINANCE,N3,116,110,94.83
20,763,L&TFINANCE,N4,880,868,98.64
20,764,LAKPRE,EQ,805,605,75.16
20,765,LAKSHMIEFL,EQ,12871,7733,60.08
20,766,LAKSHMIMIL,EQ,4,2,50.00
20,767,LAKSHVILAS,EQ,1124206,539569,48.00
20,768,LAOPALA,EQ,23392,10374,44.35
20,769,LAXMIMACH,EQ,3499,1987,56.79
20,770,LGBBROSLTD,EQ,9068,5870,64.73
20,771,LGBFORGE,EQ,570210,390363,68.46
20,772,LIBERTSHOE,EQ,98573,25943,26.32
20,773,LICHSGFIN,EQ,4051949,1888615,46.61
20,774,LICNMFET,EQ,576200,576200,100.00
20,775,LINDEINDIA,EQ,15350,10924,71.17
20,776,LIQUIDBEES,EQ,307940,259691,84.33
20,777,LITL,EQ,11890897,4226735,35.55
20,778,LLOYDELENG,EQ,164623,80727,49.04
20,779,LML,EQ,208133,107623,51.71
20,780,LOGIXMICRO,EQ,40125,37765,94.12
20,781,LOKESHMACH,EQ,1757,900,51.22
20,782,LOTUSEYE,EQ,16427,10929,66.53
20,783,LOVABLE,EQ,44364,19244,43.38
20,784,LPDC,EQ,28400,18394,64.77
20,785,LT,EQ,2279394,1345238,59.02
20,786,LUMAXAUTO,EQ,49975,32914,65.86
20,787,LUMAXIND,EQ,10639,6953,65.35
20,788,LUMAXTECH,EQ,17689,10033,56.72
20,789,LUPIN,EQ,433511,126067,29.08
20,790,LYKALABS,EQ,25223,18020,71.44
20,791,LYPSAGEMS,EQ,16792,1243,7.40
20,792,M&M,EQ,1429518,1069358,74.81
20,793,M&MFIN,EQ,2102481,1521205,72.35
20,794,M100,EQ,19718,18035,91.46
20,795,M50,EQ,17722,15492,87.42
20,796,MAANALU,EQ,39237,30612,78.02
20,797,MADHAV,EQ,2699,2307,85.48
20,798,MADHUCON,EQ,158240,113313,71.61
20,799,MADRASFERT,EQ,107740,70814,65.73
20,800,MAGMA,EQ,148692,79743,53.63
20,801,MAGNUM,EQ,250,250,100.00
20,802,MAHABANK,EQ,361670,175731,48.59
20,803,MAHINDCIE,EQ,457105,254878,55.76
20,804,MAHLIFE,EQ,26962,17453,64.73
20,805,MAHSCOOTER,EQ,3820,2634,68.95
20,806,MAHSEAMLES,EQ,25900,16233,62.68
20,807,MAITHANALL,EQ,5310,3573,67.29
20,808,MAKE,EQ,108479,25445,23.46
20,809,MALUPAPER,EQ,874,874,100.00
20,810,MANAKSIA,EQ,15440,7013,45.42
20,811,MANALIPETC,EQ,316316,162717,51.44
20,812,MANAPPURAM,EQ,1579750,940185,59.51
20,813,MANDHANA,EQ,28761,25267,87.85
20,814,MANGALAM,EQ,17697,10075,56.93
20,815,MANGCHEFER,EQ,53370,51521,96.54
20,816,MANGLMCEM,EQ,117043,71481,61.07
20,817,MANGTIMBER,EQ,8332,8332,100.00
20,818,MANINDS,EQ,105523,59733,56.61
20,819,MANINFRA,EQ,3578396,1382557,38.64
20,820,MANJEERA,EQ,35,34,97.14
20,821,MANJUSHREE,EQ,12526,9019,72.00
20,822,MANUGRAPH,EQ,22543,11400,50.57
20,823,MARALOVER,EQ,13755,9417,68.46
20,824,MARG,EQ,14935,8794,58.88
20,825,MARICO,EQ,1327874,672851,50.67
20,826,MARKSANS,EQ,1686734,916865,54.36
20,827,MARUTI,EQ,670686,401127,59.81
20,828,MASTEK,EQ,237483,97701,41.14
20,829,MAWANASUG,EQ,1866,1547,82.90
20,830,MAX,EQ,190030,113850,59.91
20,831,MAXWELL,EQ,4408814,1956399,44.37
20,832,MAYURUNIQ,EQ,364849,151708,41.58
20,833,MBECL,EQ,103532,70211,67.82
20,834,MBLINFRA,EQ,14042,11016,78.45
20,835,MCDHOLDING,EQ,30911,23942,77.45
20,836,MCDOWELL-N,EQ,218572,121983,55.81
20,837,MCLEODRUSS,EQ,332499,142869,42.97
20,838,MCX,EQ,349618,124566,35.63
20,839,MEGASOFT,EQ,28976,25986,89.68
20,840,MEGH,EQ,405572,218743,53.93
20,841,MELSTAR,EQ,1499,1499,100.00
20,842,MERCATOR,EQ,581522,318794,54.82
20,843,MERCK,EQ,30317,16966,55.96
20,844,METKORE,EQ,2309,2125,92.03
20,845,MGOLD,EQ,473,400,84.57
20,846,MHRIL,EQ,41637,21474,51.57
20,847,MIC,EQ,1367030,529406,38.73
20,848,MICROSEC,EQ,4141,3907,94.35
20,849,MINDACORP,EQ,10223,9237,90.36
20,850,MINDAIND,EQ,6345,4079,64.29
20,851,MINDTREE,EQ,128321,72502,56.50
20,852,MIRCELECTR,EQ,76554,58387,76.27
20,853,MIRZAINT,EQ,2139482,983218,45.96
20,854,MMFL,EQ,17308,7006,40.48
20,855,MMTC,EQ,556344,183795,33.04
20,856,MMWL,EQ,114251,81950,71.73
20,857,MOHITIND,EQ,25646,3759,14.66
20,858,MOIL,EQ,41335,26675,64.53
20,859,MOMAI,SM,14400,1600,11.11
20,860,MONNETISPA,EQ,166105,101720,61.24
20,861,MONSANTO,EQ,150461,50564,33.61
20,862,MONTECARLO,EQ,97371,37992,39.02
20,863,MORARJEE,EQ,6830,4666,68.32
20,864,MOREPENLAB,EQ,458018,237225,51.79
20,865,MOSERBAER,EQ,1350542,804881,59.60
20,866,MOTHERSUMI,EQ,542896,278323,51.27
20,867,MOTILALOFS,EQ,127515,114996,90.18
20,868,MPHASIS,EQ,22478,12725,56.61
20,869,MPSLTD,EQ,5607,3236,57.71
20,870,MRF,EQ,11451,3378,29.50
20,871,MRO-TEK,EQ,9786,7984,81.59
20,872,MRPL,EQ,199724,93496,46.81
20,873,MSPL,EQ,7271,4914,67.58
20,874,MTEDUCARE,EQ,52170,24257,46.50
20,875,MTNL,EQ,1478429,594409,40.21
20,876,MUDRA,EQ,1783,1708,95.79
20,877,MUKANDENGG,EQ,7162,6359,88.79
20,878,MUKANDLTD,EQ,36798,26578,72.23
20,879,MUKTAARTS,EQ,6083,5560,91.40
20,880,MUNJALAU,EQ,27704,16966,61.24
20,881,MUNJALSHOW,EQ,23058,10462,45.37
20,882,MURUDCERA,EQ,5513,5408,98.10
20,883,MUTHOOTFIN,EQ,3778423,3408971,90.22
20,884,MUTHOOTFIN,N6,1817,1417,77.99
20,885,MUTHOOTFIN,N9,380,380,100.00
20,886,MUTHOOTFIN,NB,100,55,55.00
20,887,MVL,EQ,470792,435768,92.56
20,888,MYSOREBANK,EQ,31563,19431,61.56
20,889,N100,EQ,3125,2299,73.57
20,890,NAGAROIL,EQ,138127,121596,88.03
20,891,NAGREEKCAP,EQ,330,325,98.48
20,892,NAGREEKEXP,EQ,236,125,52.97
20,893,NAHARCAP,EQ,2205,1425,64.63
20,894,NAHARINDUS,EQ,1474,1071,72.66
20,895,NAHARPOLY,EQ,1774,1771,99.83
20,896,NAHARSPING,EQ,15990,7635,47.75
20,897,NAKODA,EQ,95797,94149,98.28
20,898,NATCOPHARM,EQ,111143,59289,53.34
20,899,NATIONALUM,EQ,2006326,1631107,81.30
20,900,NAUKRI,EQ,110028,97566,88.67
20,901,NAVINFLUOR,EQ,2263,1649,72.87
20,902,NAVNETEDUL,EQ,58759,31954,54.38
20,903,NBCC,EQ,283651,73303,25.84
20,904,NBVENTURES,EQ,7099,5389,75.91
20,905,NCC,EQ,5775539,2533976,43.87
20,906,NCLIND,EQ,21219,14516,68.41
20,907,NCOPPER,EQ,101136,83112,82.18
20,908,NDL,EQ,101269,50622,49.99
20,909,NDTV,EQ,60829,24078,39.58
20,910,NECLIFE,EQ,317368,126469,39.85
20,911,NEHAINT,EQ,2315,2189,94.56
20,912,NELCAST,EQ,57970,28509,49.18
20,913,NELCO,EQ,156937,33704,21.48
20,914,NESCO,EQ,2326,1443,62.04
20,915,NESTLEIND,EQ,59753,53398,89.36
20,916,NET4,EQ,3350,3350,100.00
20,917,NETWORK18,EQ,855682,545695,63.77
20,918,NEULANDLAB,EQ,9481,7231,76.27
20,919,NEXTMEDIA,EQ,16492,11713,71.02
20,920,NEYVELILIG,EQ,75945,42044,55.36
20,921,NFL,EQ,970750,477083,49.15
20,922,NGCT,EQ,21712,21712,100.00
20,923,NHAI,N1,225,225,100.00
20,924,NHAI,N2,1345,1342,99.78
20,925,NHAI,N4,100,100,100.00
20,926,NHAI,N6,338,331,97.93
20,927,NHBTF2014,N6,928,699,75.32
20,928,NHBTF2023,N6,2,0,0.00
20,929,NHPC,EQ,5024923,2196112,43.70
20,930,NHPC,N3,1,1,100.00
20,931,NHPC,N6,260,260,100.00
20,932,NICCO,EQ,21,11,52.38
20,933,NIFTYBEES,EQ,71271,45059,63.22
20,934,NIITLTD,EQ,652610,375213,57.49
20,935,NIITTECH,EQ,357187,303135,84.87
20,936,NILKAMAL,EQ,43996,27489,62.48
20,937,NIPPOBATRY,EQ,1079,557,51.62
20,938,NITCO,EQ,30171,23543,78.03
20,939,NITESHEST,EQ,156427,100679,64.36
20,940,NITINFIRE,EQ,202974,93631,46.13
20,941,NITINSPIN,EQ,54592,38099,69.79
20,942,NMDC,EQ,2394021,1637980,68.42
20,943,NOCIL,EQ,1105759,441323,39.91
20,944,NOIDATOLL,EQ,215380,151198,70.20
20,945,NORBTEAEXP,EQ,80,80,100.00
20,946,NRBBEARING,EQ,110925,39812,35.89
20,947,NSIL,EQ,55,39,70.91
20,948,NTPC,EQ,5846878,4823204,82.49
20,949,NTPC,N1,2600,2600,100.00
20,950,NTPC,N5,22,22,100.00
20,951,NTPC,N6,649,565,87.06
20,952,NUCLEUS,EQ,15323,7831,51.11
20,953,NUTEK,EQ,62355,49829,79.91
20,954,OBEROIRLTY,EQ,1182482,943426,79.78
20,955,OCL,EQ,12005,8106,67.52
20,956,OFSS,EQ,42369,35002,82.61
20,957,OIL,EQ,354068,291006,82.19
20,958,OILCOUNTUB,EQ,12985,11316,87.15
20,959,OISL,EQ,1002,510,50.90
20,960,OMAXAUTO,EQ,14658,9443,64.42
20,961,OMAXE,EQ,406881,213327,52.43
20,962,OMKARCHEM,EQ,119797,35495,29.63
20,963,OMMETALS,EQ,157995,101712,64.38
20,964,OMNITECH,EQ,10686,6681,62.52
20,965,ONELIFECAP,EQ,5371,2280,42.45
20,966,ONGC,EQ,7158658,4475957,62.53
20,967,ONMOBILE,EQ,3054147,1208388,39.57
20,968,ONWARDTEC,EQ,1040,740,71.15
20,969,OPTOCIRCUI,EQ,1497572,550592,36.77
20,970,ORBITCORP,EQ,1233782,600102,48.64
20,971,ORBTEXP,EQ,6012,4435,73.77
20,972,ORCHIDCHEM,EQ,217690,94425,43.38
20,973,ORIENTABRA,EQ,77275,75224,97.35
20,974,ORIENTALTL,EQ,300,300,100.00
20,975,ORIENTBANK,EQ,3171941,1633152,51.49
20,976,ORIENTBELL,EQ,7575,5391,71.17
20,977,ORIENTCEM,EQ,188248,126514,67.21
20,978,ORIENTHOT,EQ,12722,11727,92.18
20,979,ORIENTPPR,EQ,106813,80928,75.77
20,980,ORIENTREF,EQ,37818,24291,64.23
20,981,ORISSAMINE,EQ,3064,1578,51.50
20,982,OSWALMIN,EQ,560,465,83.04
20,983,OUDHSUG,EQ,1401,877,62.60
20,984,PAEL,EQ,1789,1485,83.01
20,985,PAGEIND,EQ,10458,5465,52.26
20,986,PALRED,EQ,9426,7247,76.88
20,987,PANACEABIO,EQ,90567,75049,82.87
20,988,PANAMAPET,EQ,3297,3134,95.06
20,989,PANASONIC,EQ,12426,9060,72.91
20,990,PANCHSHEEL,EQ,30,30,100.00
20,991,PANORAMUNI,EQ,349,349,100.00
20,992,PAPERPROD,EQ,15239,12000,78.75
20,993,PARABDRUGS,EQ,35628,23615,66.28
20,994,PARACABLES,EQ,30806,16702,54.22
20,995,PARRYSUGAR,EQ,3547,342,9.64
20,996,PARSVNATH,EQ,933354,373247,39.99
20,997,PATELENG,EQ,353209,187671,53.13
20,998,PATINTLOG,EQ,204360,73006,35.72
20,999,PATSPINLTD,EQ,5269,3869,73.43
20,1000,PBAINFRA,EQ,12527,10394,82.97
20,1001,PCJEWELLER,EQ,603303,122474,20.30
20,1002,PDPL,EQ,7791,5693,73.07
20,1003,PDSMFL,EQ,971,785,80.84
20,1004,PDUMJEIND,EQ,101,101,100.00
20,1005,PDUMJEPULP,EQ,18302,10545,57.62
20,1006,PEARLPOLY,EQ,1360,1150,84.56
20,1007,PEL,EQ,34267,23415,68.33
20,1008,PENIND,EQ,587558,259435,44.15
20,1009,PENINLAND,EQ,608834,289732,47.59
20,1010,PERSISTENT,EQ,26531,15710,59.21
20,1011,PETRONENGG,EQ,3472,2401,69.15
20,1012,PETRONET,EQ,1918703,1050835,54.77
20,1013,PFC,EQ,4675653,2245324,48.02
20,1014,PFIZER,EQ,22899,17328,75.67
20,1015,PFOCUS,EQ,136322,67089,49.21
20,1016,PFRL,EQ,8793,7989,90.86
20,1017,PFS,EQ,3887801,1371047,35.27
20,1018,PGEL,EQ,162090,62485,38.55
20,1019,PGHH,EQ,2026,1433,70.73
20,1020,PGIL,EQ,2034,1826,89.77
20,1021,PHILIPCARB,EQ,171109,72966,42.64
20,1022,PHOENIXLL,EQ,23227,19870,85.55
20,1023,PHOENIXLTD,EQ,361590,353086,97.65
20,1024,PIDILITIND,EQ,639633,243171,38.02
20,1025,PIIND,EQ,64600,36925,57.16
20,1026,PILIND,EQ,5351,3533,66.03
20,1027,PIONDIST,EQ,26592,22565,84.86
20,1028,PIONEEREMB,EQ,59106,56765,96.04
20,1029,PIPAVAVDOC,EQ,4676107,2093720,44.77
20,1030,PIRPHYTO,EQ,56517,35016,61.96
20,1031,PITTILAM,EQ,7550,6835,90.53
20,1032,PLASTIBLEN,EQ,3686,2730,74.06
20,1033,PLETHICO,EQ,46478,24613,52.96
20,1034,PNB,EQ,5358144,1909433,35.64
20,1035,PNBGILTS,EQ,1332557,784162,58.85
20,1036,PNC,EQ,2538,1874,73.84
20,1037,POCHIRAJU,EQ,74967,36328,48.46
20,1038,POLARIS,EQ,592257,229062,38.68
20,1039,POLYMED,EQ,3864,1331,34.45
20,1040,POLYPLEX,EQ,22998,14394,62.59
20,1041,PONNIERODE,EQ,531,501,94.35
20,1042,POWERGRID,EQ,3614292,2111489,58.42
20,1043,PPAP,EQ,4244,3940,92.84
20,1044,PRADIP,EQ,64340,48484,75.36
20,1045,PRAENG,EQ,36465,32457,89.01
20,1046,PRAJIND,EQ,573949,348917,60.79
20,1047,PRAKASH,EQ,144979,86686,59.79
20,1048,PRAKASHCON,EQ,67548,35739,52.91
20,1049,PRAKASHSTL,EQ,9814,773,7.88
20,1050,PRATIBHA,EQ,169702,83929,49.46
20,1051,PRECOT,EQ,991,946,95.46
20,1052,PRECWIRE,EQ,9737,7400,76.00
20,1053,PREMIER,EQ,9121,7535,82.61
20,1054,PRESSMN,EQ,9193,7271,79.09
20,1055,PRESTIGE,EQ,1316093,716508,54.44
20,1056,PRICOL,EQ,430842,270004,62.67
20,1057,PRIMESECU,EQ,14589,10445,71.60
20,1058,PRISMCEM,EQ,1060449,428187,40.38
20,1059,PROVOGE,EQ,105519,79046,74.91
20,1060,PROZONINTU,EQ,242212,120557,49.77
20,1061,PSB,EQ,213149,96254,45.16
20,1062,PSL,EQ,55420,38599,69.65
20,1063,PSUBNKBEES,EQ,24200,23450,96.90
20,1064,PTC,EQ,1783554,701359,39.32
20,1065,PTL,EQ,1132,982,86.75
20,1066,PUNJABCHEM,EQ,1290,994,77.05
20,1067,PUNJLLOYD,EQ,1773494,825805,46.56
20,1068,PURVA,EQ,280094,139117,49.67
20,1069,PVP,EQ,256569,179457,69.94
20,1070,PVR,EQ,13048,6260,47.98
20,1071,QGOLDHALF,EQ,892,525,58.86
20,1072,QNIFTY,EQ,14,10,71.43
20,1073,RADAAN,EQ,4005,4005,100.00
20,1074,RADICO,EQ,294850,180123,61.09
20,1075,RAIN,EQ,103119,80658,78.22
20,1076,RAINBOWPAP,EQ,10232,165,1.61
20,1077,RAIREKMOH,EQ,3879,2437,62.83
20,1078,RAJESHEXPO,EQ,82968,31544,38.02
20,1079,RAJPALAYAM,EQ,1323,774,58.50
20,1080,RAJRAYON,EQ,26927,22000,81.70
20,1081,RAJSREESUG,EQ,4062,2386,58.74
20,1082,RAJTV,EQ,348621,204845,58.76
20,1083,RAJVIR,EQ,411,62,15.09
20,1084,RALLIS,EQ,112467,57554,51.17
20,1085,RAMANEWS,EQ,12943,10256,79.24
20,1086,RAMCOCEM,EQ,126704,77986,61.55
20,1087,RAMCOIND,EQ,1737281,768355,44.23
20,1088,RAMCOSYS,EQ,15232,14199,93.22
20,1089,RAMKY,EQ,35270,19628,55.65
20,1090,RANASUG,EQ,72732,47168,64.85
20,1091,RANBAXY,EQ,250444,79818,31.87
20,1092,RANEENGINE,EQ,430,348,80.93
20,1093,RANEHOLDIN,EQ,428,320,74.77
20,1094,RASOYPR,EQ,314857,314857,100.00
20,1095,RATNAMANI,EQ,6449,4017,62.29
20,1096,RAYMOND,EQ,196868,60157,30.56
20,1097,RBL,EQ,1205,712,59.09
20,1098,RCF,EQ,861768,515034,59.76
20,1099,RCOM,EQ,5782662,1700067,29.40
20,1100,RECLTD,EQ,4758881,1923786,40.43
20,1101,RECLTD,N1,36,26,72.22
20,1102,RECLTD,N2,261,260,99.62
20,1103,RECLTD,N6,10892,10201,93.66
20,1104,RECLTD,N8,120,120,100.00
20,1105,RECLTD,N9,2997,2143,71.50
20,1106,RECLTD,NF,25,25,100.00
20,1107,RECLTD,NG,50,25,50.00
20,1108,REDINGTON,EQ,911061,385296,42.29
20,1109,REFEX,EQ,261932,111558,42.59
20,1110,REIAGROLTD,EQ,487837,487837,100.00
20,1111,REISIXTEN,EQ,81301,61000,75.03
20,1112,RELAXO,EQ,7571,5265,69.54
20,1113,RELBANK,EQ,1017,742,72.96
20,1114,RELCAPITAL,EQ,3433625,1167449,34.00
20,1115,RELCNX100,EQ,779,776,99.61
20,1116,RELCONS,EQ,98,98,100.00
20,1117,RELDIVOPP,EQ,2,1,50.00
20,1118,RELGOLD,EQ,849,473,55.71
20,1119,RELGRNIFTY,EQ,20,20,100.00
20,1120,RELIANCE,EQ,3869247,2364008,61.10
20,1121,RELIFIN,N1,3,1,33.33
20,1122,RELIFIN,N2,50,50,100.00
20,1123,RELIFIN,N4,600,515,85.83
20,1124,RELIFIN,N6,115,115,100.00
20,1125,RELIFIN,N8,10,10,100.00
20,1126,RELIGARE,EQ,89227,10441,11.70
20,1127,RELIGAREGO,EQ,45,28,62.22
20,1128,RELINFRA,EQ,2801539,962204,34.35
20,1129,RELNIFTY,EQ,1,1,100.00
20,1130,RENUKA,EQ,2537645,751893,29.63
20,1131,REPCOHOME,EQ,140463,98978,70.47
20,1132,REPRO,EQ,4893,3896,79.62
20,1133,RESPONIND,EQ,45755,10198,22.29
20,1134,REVATHI,EQ,1085,632,58.25
20,1135,RICOAUTO,EQ,565670,230901,40.82
20,1136,RIIL,EQ,183148,45079,24.61
20,1137,RJL,EQ,3028,1746,57.66
20,1138,RKDL,EQ,2206,2196,99.55
20,1139,RKFORGE,EQ,33715,20883,61.94
20,1140,RMCL,EQ,783073,485257,61.97
20,1141,RML,EQ,1490,1137,76.31
20,1142,RMMIL,EQ,191200,144237,75.44
20,1143,ROHITFERRO,EQ,74127,56134,75.73
20,1144,ROHLTD,EQ,5902,5070,85.90
20,1145,ROLTA,EQ,477216,159656,33.46
20,1146,ROSSELLIND,EQ,5937,2310,38.91
20,1147,RPGLIFE,EQ,11208,6806,60.72
20,1148,RPOWER,EQ,5328930,1392866,26.14
20,1149,RPPINFRA,EQ,16276,2603,15.99
20,1150,RSSOFTWARE,EQ,130971,42060,32.11
20,1151,RSWM,EQ,50586,42321,83.66
20,1152,RSYSTEMS,EQ,272575,72737,26.69
20,1153,RTNINFRA,EQ,1345295,958378,71.24
20,1154,RTNPOWER,EQ,1637670,940578,57.43
20,1155,RUBYMILLS,EQ,2987,2107,70.54
20,1156,RUCHIRA,EQ,38751,32132,82.92
20,1157,RUCHISOYA,EQ,60015,38369,63.93
20,1158,RUPA,EQ,702,600,85.47
20,1159,RUSHIL,EQ,485866,174565,35.93
20,1160,SABERORGAN,EQ,11143,10307,92.50
20,1161,SABTN,EQ,21939,9562,43.58
20,1162,SADBHAV,EQ,122374,73321,59.92
20,1163,SAGCEM,EQ,106,51,48.11
20,1164,SAHPETRO,EQ,34521,26257,76.06
20,1165,SAIL,EQ,3802990,1615322,42.48
20,1166,SAKHTISUG,EQ,44148,28192,63.86
20,1167,SAKSOFT,EQ,6568,3382,51.49
20,1168,SAKUMA,EQ,1999,1839,92.00
20,1169,SALONACOT,EQ,101,93,92.08
20,1170,SALORAINTL,EQ,7907,4780,60.45
20,1171,SALSTEEL,EQ,16086,11673,72.57
20,1172,SAMTEL,EQ,4176,4176,100.00
20,1173,SANDESH,EQ,1209,605,50.04
20,1174,SANGAMIND,EQ,9523,7888,82.83
20,1175,SANGHVIFOR,EQ,6933,5032,72.58
20,1176,SANGHVIMOV,EQ,7511,5702,75.92
20,1177,SANOFI,EQ,9885,8329,84.26
20,1178,SANWARIA,EQ,33448,23319,69.72
20,1179,SARDAEN,EQ,8966,6379,71.15
20,1180,SAREGAMA,EQ,12906,8828,68.40
20,1181,SARLAPOLY,EQ,864,707,81.83
20,1182,SASKEN,EQ,106787,58294,54.59
20,1183,SATHAISPAT,EQ,2147,1847,86.03
20,1184,SAVERA,EQ,1692,1311,77.48
20,1185,SBBJ,EQ,116130,56356,48.53
20,1186,SBIGETS,EQ,2356,1586,67.32
20,1187,SBIN,EQ,30729523,16753491,54.52
20,1188,SBIN,N1,5,5,100.00
20,1189,SBIN,N2,110,110,100.00
20,1190,SBIN,N3,14,14,100.00
20,1191,SBIN,N5,193,188,97.41
20,1192,SBT,EQ,59550,29604,49.71
20,1193,SCHNEIDER,EQ,41154,23056,56.02
20,1194,SCI,EQ,579504,234015,40.38
20,1195,SDBL,EQ,21156,746,3.53
20,1196,SEAMECLTD,EQ,21519,13201,61.35
20,1197,SEINV,EQ,11198,485,4.33
20,1198,SELAN,EQ,45616,24636,54.01
20,1199,SELMCL,EQ,404838,216341,53.44
20,1200,SEPOWER,EQ,1120,1120,100.00
20,1201,SERVALL,EQ,102533,86209,84.08
20,1202,SESHAPAPER,EQ,3275,1867,57.01
20,1203,SEZAL,EQ,291,291,100.00
20,1204,SFCL,EQ,288386,101999,35.37
20,1205,SGJHL,EQ,24182,9669,39.98
20,1206,SHAHALLOYS,EQ,400,400,100.00
20,1207,SHAKTIPUMP,EQ,94093,38536,40.96
20,1208,SHALPAINTS,EQ,96228,58991,61.30
20,1209,SHANTIGEAR,EQ,15771,11342,71.92
20,1210,SHARDACROP,EQ,97806,47912,48.99
20,1211,SHARIABEES,EQ,6,2,33.33
20,1212,SHARONBIO,EQ,893294,446755,50.01
20,1213,SHASUNPHAR,EQ,128301,33534,26.14
20,1214,SHEMAROO,EQ,13441,9402,69.95
20,1215,SHILPAMED,EQ,70668,33200,46.98
20,1216,SHILPI,EQ,171854,98825,57.51
20,1217,SHIRPUR-G,EQ,7408,5860,79.10
20,1218,SHIV-VANI,EQ,468007,245501,52.46
20,1219,SHIVAMAUTO,EQ,20550,8744,42.55
20,1220,SHIVTEX,EQ,3504,2449,69.89
20,1221,SHLAKSHMI,EQ,90,90,100.00
20,1222,SHOPERSTOP,EQ,65506,42233,64.47
20,1223,SHREECEM,EQ,34301,19649,57.28
20,1224,SHRENUJ,EQ,97225,10570,10.87
20,1225,SHRIASTER,EQ,3500,2000,57.14
20,1226,SHRIRAMCIT,EQ,81363,74909,92.07
20,1227,SHRIRAMCIT,N2,100,100,100.00
20,1228,SHRIRAMCIT,N3,1248,1063,85.18
20,1229,SHRIRAMCIT,N7,30,30,100.00
20,1230,SHRIRAMCIT,N8,105,105,100.00
20,1231,SHRIRAMCIT,N9,190,190,100.00
20,1232,SHRIRAMCIT,NB,30,30,100.00
20,1233,SHRIRAMCIT,ND,81,81,100.00
20,1234,SHRIRAMCIT,NE,10,10,100.00
20,1235,SHRIRAMCIT,NG,102,102,100.00
20,1236,SHRIRAMEPC,EQ,22548,14312,63.47
20,1237,SHYAMTEL,EQ,2049,1594,77.79
20,1238,SICAGEN,EQ,6268,5123,81.73
20,1239,SICAL,EQ,564925,194763,34.48
20,1240,SIEMENS,EQ,360459,163057,45.24
20,1241,SIGNETIND,EQ,6811,818,12.01
20,1242,SIMBHSUGAR,EQ,1713,1289,75.25
20,1243,SIMPLEX,EQ,6572,4651,70.77
20,1244,SIMPLEXINF,EQ,41255,21900,53.08
20,1245,SINTEX,EQ,2802270,1183493,42.23
20,1246,SIRPAPER,EQ,1366,1133,82.94
20,1247,SITICABLE,EQ,524621,361784,68.96
20,1248,SIYSIL,EQ,7094,3465,48.84
20,1249,SJVN,EQ,809792,547654,67.63
20,1250,SKFINDIA,EQ,31985,11356,35.50
20,1251,SKIL,EQ,170656,139522,81.76
20,1252,SKMEGGPROD,EQ,122643,72888,59.43
20,1253,SKSMICRO,EQ,1843693,419892,22.77
20,1254,SKUMARSYNF,EQ,704700,370156,52.53
20,1255,SMARTLINK,EQ,43162,29547,68.46
20,1256,SMLISUZU,EQ,14111,10196,72.26
20,1257,SMPL,EQ,89566,69902,78.05
20,1258,SMSPHARMA,EQ,41872,29411,70.24
20,1259,SNOWMAN,EQ,1619302,466902,28.83
20,1260,SOBHA,EQ,563649,255056,45.25
20,1261,SOLARINDS,EQ,773,519,67.14
20,1262,SOMANYCERA,EQ,19285,16359,84.83
20,1263,SOMATEX,EQ,4500,4400,97.78
20,1264,SONASTEER,EQ,194478,106581,54.80
20,1265,SONATSOFTW,EQ,73553,51557,70.10
20,1266,SOTL,EQ,1061,362,34.12
20,1267,SOUISPAT,EQ,610117,559950,91.78
20,1268,SOUTHBANK,EQ,8381484,5157963,61.54
20,1269,SPARC,EQ,197689,87312,44.17
20,1270,SPECIALITY,EQ,9098,4857,53.39
20,1271,SPENTEX,EQ,4720,4500,95.34
20,1272,SPIC,EQ,217170,95580,44.01
20,1273,SPICEMOBI,EQ,23487,21421,91.20
20,1274,SPLIL,EQ,1505,1505,100.00
20,1275,SPMLINFRA,EQ,26748,12712,47.53
20,1276,SPYL,EQ,10010,10,0.10
20,1277,SQSBFSI,EQ,33741,21800,64.61
20,1278,SREEL,EQ,11,11,100.00
20,1279,SREINFRA,EQ,996571,533890,53.57
20,1280,SREINFRA,NR,95,95,100.00
20,1281,SRF,EQ,247097,80961,32.76
20,1282,SRHHYPOLTD,EQ,1788,1583,88.53
20,1283,SRIPIPES,EQ,286691,172256,60.08
20,1284,SRSLTD,EQ,78408,42754,54.53
20,1285,SRTRANSFIN,EQ,1326898,945609,71.26
20,1286,SRTRANSFIN,N9,73,73,100.00
20,1287,SRTRANSFIN,NL,163,163,100.00
20,1288,SRTRANSFIN,NN,150,150,100.00
20,1289,SRTRANSFIN,NR,300,300,100.00
20,1290,SRTRANSFIN,NT,16,16,100.00
20,1291,SRTRANSFIN,NV,437,437,100.00
20,1292,SRTRANSFIN,NW,100,100,100.00
20,1293,SRTRANSFIN,NX,6,2,33.33
20,1294,SRTRANSFIN,Y1,4,2,50.00
20,1295,SRTRANSFIN,Y3,350,350,100.00
20,1296,SRTRANSFIN,Y6,20,10,50.00
20,1297,SRTRANSFIN,Y7,187,187,100.00
20,1298,SRTRANSFIN,Y9,202,190,94.06
20,1299,SRTRANSFIN,YA,50,50,100.00
20,1300,SRTRANSFIN,YB,372,300,80.65
20,1301,SRTRANSFIN,YC,350,200,57.14
20,1302,SSLT,EQ,7275654,3081107,42.35
20,1303,SSWL,EQ,8427,5291,62.79
20,1304,STAN,DR,67501,53650,79.48
20,1305,STAR,EQ,381863,144806,37.92
20,1306,STARPAPER,EQ,17458,13169,75.43
20,1307,STCINDIA,EQ,39750,11006,27.69
20,1308,STERLINBIO,EQ,121958,88646,72.69
20,1309,STERTOOLS,EQ,9888,7846,79.35
20,1310,STOREONE,EQ,7553,5816,77.00
20,1311,STRTECH,EQ,661880,444738,67.19
20,1312,STYABS,EQ,25463,15840,62.21
20,1313,SUBEX,EQ,1644938,867321,52.73
20,1314,SUBROS,EQ,90589,56145,61.98
20,1315,SUDAR,EQ,102168,72375,70.84
20,1316,SUDARSCHEM,EQ,56675,32422,57.21
20,1317,SUJANATWR,EQ,47729,31637,66.28
20,1318,SUJANAUNI,EQ,50282,39981,79.51
20,1319,SUMEETINDS,EQ,239101,84823,35.48
20,1320,SUMMITSEC,EQ,5488,2032,37.03
20,1321,SUNCLAYLTD,EQ,1893,1337,70.63
20,1322,SUNDARAM,EQ,22426,22426,100.00
20,1323,SUNDARMFIN,EQ,100436,82218,81.86
20,1324,SUNDRMBRAK,EQ,8364,3973,47.50
20,1325,SUNDRMFAST,EQ,80891,33742,41.71
20,1326,SUNFLAG,EQ,45646,27243,59.68
20,1327,SUNILHITEC,EQ,22477,13256,58.98
20,1328,SUNPHARMA,EQ,2224116,1690703,76.02
20,1329,SUNTECK,EQ,120625,75825,62.86
20,1330,SUNTV,EQ,354045,112916,31.89
20,1331,SUPERHOUSE,EQ,2730,2104,77.07
20,1332,SUPERSPIN,EQ,4799,3299,68.74
20,1333,SUPPETRO,EQ,11997,9091,75.78
20,1334,SUPRAJIT,EQ,54253,31401,57.88
20,1335,SUPREMEIND,EQ,26175,21259,81.22
20,1336,SUPREMEINF,EQ,56725,38315,67.55
20,1337,SURANACORP,EQ,2050,2050,100.00
20,1338,SURANAIND,EQ,8,8,100.00
20,1339,SURANASOL,EQ,37780,26759,70.83
20,1340,SURANAT&P,EQ,37889,29431,77.68
20,1341,SURYAJYOTI,EQ,2,1,50.00
20,1342,SURYALAXMI,EQ,8276,7703,93.08
20,1343,SURYAROSNI,EQ,122938,41723,33.94
20,1344,SUTLEJTEX,EQ,2601,1901,73.09
20,1345,SUVEN,EQ,230728,105171,45.58
20,1346,SUZLON,EQ,20827759,9418485,45.22
20,1347,SWANENERGY,EQ,327357,103839,31.72
20,1348,SWARAJENG,EQ,7889,6040,76.56
20,1349,SWELECTES,EQ,15528,12764,82.20
20,1350,SYMPHONY,EQ,10975,7042,64.16
20,1351,SYNCOM,EQ,60139,24609,40.92
20,1352,SYNDIBANK,EQ,2191504,663344,30.27
20,1353,TAINWALCHM,EQ,3515,1515,43.10
20,1354,TAJGVK,EQ,25149,17841,70.94
20,1355,TAKE,EQ,8024532,3411233,42.51
20,1356,TALBROAUTO,EQ,81900,28947,35.34
20,1357,TALWALKARS,EQ,495151,179600,36.27
20,1358,TANLA,EQ,1615770,840842,52.04
20,1359,TANTIACONS,EQ,7177,5157,71.85
20,1360,TARAJEWELS,EQ,4954,3751,75.72
20,1361,TARAPUR,EQ,10825,6895,63.70
20,1362,TARMAT,EQ,155,115,74.19
20,1363,TATACHEM,EQ,416385,96453,23.16
20,1364,TATACOFFEE,EQ,139381,53702,38.53
20,1365,TATACOMM,EQ,550716,267220,48.52
20,1366,TATAELXSI,EQ,1081715,206782,19.12
20,1367,TATAGLOBAL,EQ,1183917,539793,45.59
20,1368,TATAINVEST,EQ,19011,11900,62.60
20,1369,TATAMETALI,EQ,121087,50898,42.03
20,1370,TATAMOTORS,EQ,6829305,4508480,66.02
20,1371,TATAMTRDVR,EQ,1786117,766113,42.89
20,1372,TATAPOWER,EQ,3779466,1831207,48.45
20,1373,TATASPONGE,EQ,247711,74134,29.93
20,1374,TATASTEEL,EQ,7011341,2215768,31.60
20,1375,TBZ,EQ,37373,17174,45.95
20,1376,TCFSL,N7,80,80,100.00
20,1377,TCFSL,N8,10,10,100.00
20,1378,TCI,EQ,55267,25325,45.82
20,1379,TCIDEVELOP,EQ,184,92,50.00
20,1380,TCIFINANCE,EQ,22142,18345,82.85
20,1381,TCS,EQ,2504960,1598846,63.83
20,1382,TDPOWERSYS,EQ,48189,37859,78.56
20,1383,TECHM,EQ,587022,435482,74.18
20,1384,TECHNO,EQ,59989,41966,69.96
20,1385,TECHNOFAB,EQ,707,664,93.92
20,1386,TECPRO,EQ,25076,15101,60.22
20,1387,TEXINFRA,EQ,94726,52623,55.55
20,1388,TEXMOPIPES,EQ,73420,52950,72.12
20,1389,TEXRAIL,EQ,377412,207899,55.09
20,1390,TFCILTD,EQ,549674,206062,37.49
20,1391,TFL,EQ,270,270,100.00
20,1392,TGBHOTELS,EQ,43027,18297,42.52
20,1393,THANGAMAYL,EQ,1194,964,80.74
20,1394,THEBYKE,EQ,129595,46767,36.09
20,1395,THERMAX,EQ,41739,32410,77.65
20,1396,THIRUSUGAR,EQ,723121,129347,17.89
20,1397,THOMASCOOK,EQ,1402479,477853,34.07
20,1398,TI,EQ,620157,241409,38.93
20,1399,TIDEWATER,EQ,846,335,39.60
20,1400,TIIL,EQ,40670,30389,74.72
20,1401,TIJARIA,EQ,1800,1800,100.00
20,1402,TIL,EQ,86528,46849,54.14
20,1403,TIMESGTY,EQ,601,401,66.72
20,1404,TIMETECHNO,EQ,380969,223719,58.72
20,1405,TIMKEN,EQ,143079,68419,47.82
20,1406,TINPLATE,EQ,56767,31161,54.89
20,1407,TIPSINDLTD,EQ,7709,4497,58.33
20,1408,TIRUMALCHM,EQ,5866,2196,37.44
20,1409,TITAN,EQ,648144,271011,41.81
20,1410,TNPETRO,EQ,9044,7601,84.04
20,1411,TNPL,EQ,19663,13976,71.08
20,1412,TODAYS,EQ,2167,2167,100.00
20,1413,TOKYOPLAST,EQ,3473,2356,67.84
20,1414,TORNTPHARM,EQ,55197,31372,56.84
20,1415,TORNTPOWER,EQ,407919,214894,52.68
20,1416,TREEHOUSE,EQ,26919,8389,31.16
20,1417,TRENT,EQ,23706,12804,54.01
20,1418,TRF,EQ,37174,20876,56.16
20,1419,TRICOM,EQ,75000,75000,100.00
20,1420,TRIDENT,EQ,114050,84379,73.98
20,1421,TRIGYN,EQ,16551,11375,68.73
20,1422,TRIL,EQ,14413,8128,56.39
20,1423,TRITURBINE,EQ,103542,62552,60.41
20,1424,TRIVENI,EQ,439458,237082,53.95
20,1425,TTKPRESTIG,EQ,4369,1910,43.72
20,1426,TTL,EQ,45551,29293,64.31
20,1427,TTML,EQ,17164185,6818860,39.73
20,1428,TUBEINVEST,EQ,123770,106663,86.18
20,1429,TULSI,EQ,35459,13117,36.99
20,1430,TV18BRDCST,EQ,3803591,2354963,61.91
20,1431,TVSELECT,EQ,7462,5639,75.57
20,1432,TVSMOTOR,EQ,4089886,1306754,31.95
20,1433,TVSSRICHAK,EQ,2279,1398,61.34
20,1434,TVTODAY,EQ,104855,44831,42.76
20,1435,TWL,EQ,53667,21093,39.30
20,1436,UBHOLDINGS,EQ,230384,102325,44.41
20,1437,UBL,EQ,200173,72901,36.42
20,1438,UCALFUEL,EQ,1203176,270675,22.50
20,1439,UCOBANK,EQ,3475487,1134751,32.65
20,1440,UFLEX,EQ,126981,72551,57.14
20,1441,UJAAS,EQ,1337946,692642,51.77
20,1442,ULTRACEMCO,EQ,699207,404971,57.92
20,1443,UMESLTD,EQ,5732,4307,75.14
20,1444,UNICHEMLAB,EQ,41406,18205,43.97
20,1445,UNIENTER,EQ,14055,13881,98.76
20,1446,UNIONBANK,EQ,5358728,1958364,36.55
20,1447,UNIPLY,EQ,19546,11175,57.17
20,1448,UNITECH,EQ,90744923,18028225,19.87
20,1449,UNITEDBNK,EQ,1471415,447488,30.41
20,1450,UNITEDTEA,EQ,225,225,100.00
20,1451,UNITY,EQ,281548,127495,45.28
20,1452,UPERGANGES,EQ,660,660,100.00
20,1453,UPL,EQ,1983289,995151,50.18
20,1454,USHAMART,EQ,46418,34455,74.23
20,1455,USHERAGRO,EQ,81499,56081,68.81
20,1456,UTTAMSTL,EQ,30541,12053,39.46
20,1457,UTTAMSUGAR,EQ,906,700,77.26
20,1458,UTTAMVALUE,EQ,187436,165169,88.12
20,1459,VADILALIND,EQ,6345,3432,54.09
20,1460,VAIBHAVGBL,EQ,12862,8290,64.45
20,1461,VAKRANGEE,EQ,443900,280622,63.22
20,1462,VALECHAENG,EQ,1152180,271565,23.57
20,1463,VALUEIND,EQ,17630,14291,81.06
20,1464,VARDHACRLC,EQ,158595,151565,95.57
20,1465,VARDMNPOLY,EQ,1157,1093,94.47
20,1466,VASCONEQ,EQ,3742,3543,94.68
20,1467,VASWANI,EQ,6373,6373,100.00
20,1468,VENKEYS,EQ,10428,5166,49.54
20,1469,VENUSREM,EQ,63843,32928,51.58
20,1470,VESUVIUS,EQ,2617,2244,85.75
20,1471,VGUARD,EQ,33330,14537,43.62
20,1472,VHL,EQ,185,112,60.54
20,1473,VICEROY,EQ,43592,25935,59.49
20,1474,VIDEOIND,EQ,467103,187131,40.06
20,1475,VIJAYABANK,EQ,662805,329237,49.67
20,1476,VIJSHAN,EQ,59978,27934,46.57
20,1477,VIKASGLOB,EQ,1153232,386541,33.52
20,1478,VIMALOIL,EQ,2469,430,17.42
20,1479,VIMTALABS,EQ,11396,7642,67.06
20,1480,VINATIORGA,EQ,6197,3395,54.78
20,1481,VINDHYATEL,EQ,1654,1256,75.94
20,1482,VINYLINDIA,EQ,18239,9120,50.00
20,1483,VIPIND,EQ,190037,81296,42.78
20,1484,VIPUL,EQ,173205,54078,31.22
20,1485,VISAKAIND,EQ,27594,20897,75.73
20,1486,VISASTEEL,EQ,11115,9796,88.13
20,1487,VISESHINFO,EQ,573798,541947,94.45
20,1488,VIVIDHA,EQ,4881,3939,80.70
20,1489,VIVIMEDLAB,EQ,3678,2894,78.68
20,1490,VKSPL,EQ,642512,485536,75.57
20,1491,VLSFINANCE,EQ,394237,174359,44.23
20,1492,VMART,EQ,8346,6164,73.86
20,1493,VOLTAMP,EQ,101075,33690,33.33
20,1494,VOLTAS,EQ,4586490,2745758,59.87
20,1495,VSSL,EQ,1073,1073,100.00
20,1496,VSTIND,EQ,2337,1880,80.45
20,1497,VSTTILLERS,EQ,2905,2276,78.35
20,1498,VTL,EQ,50170,31955,63.69
20,1499,VTMLTD,EQ,8491,8046,94.76
20,1500,WABAG,EQ,22267,12911,57.98
20,1501,WABCOINDIA,EQ,5670,3996,70.48
20,1502,WALCHANNAG,EQ,572154,136496,23.86
20,1503,WEBELSOLAR,EQ,58801,39456,67.10
20,1504,WEIZFOREX,EQ,5827,2564,44.00
20,1505,WEIZMANIND,EQ,2304,2295,99.61
20,1506,WELCORP,EQ,97793,64777,66.24
20,1507,WELENTRP,EQ,2395,1893,79.04
20,1508,WELINV,EQ,64,62,96.88
20,1509,WELPROJ,EQ,10079,9827,97.50
20,1510,WELSPUNIND,EQ,18053,14460,80.10
20,1511,WENDT,EQ,32,24,75.00
20,1512,WHEELS,EQ,28895,4286,14.83
20,1513,WHIRLPOOL,EQ,34703,20398,58.78
20,1514,WILLAMAGOR,EQ,4011,1305,32.54
20,1515,WINDMACHIN,EQ,11770,11691,99.33
20,1516,WINSOME,EQ,22642,22632,99.96
20,1517,WINSOMEDJ,EQ,1297732,604859,46.61
20,1518,WIPRO,EQ,1311267,885591,67.54
20,1519,WOCKPHARMA,EQ,989228,275711,27.87
20,1520,WONDERLA,EQ,510183,247741,48.56
20,1521,WSI,EQ,221,220,99.55
20,1522,WSTCSTPAPR,EQ,75581,43942,58.14
20,1523,XCHANGING,EQ,24283,12411,51.11
20,1524,XLENERGY,EQ,5351,5351,100.00
20,1525,XPROINDIA,EQ,17973,9760,54.30
20,1526,YESBANK,EQ,6019271,2747450,45.64
20,1527,ZANDUREALT,EQ,23039,3599,15.62
20,1528,ZEEL,EQ,2146779,1525344,71.05
20,1529,ZEEL,P1,9023,9023,100.00
20,1530,ZEELEARN,EQ,328924,273847,83.26
20,1531,ZEEMEDIA,EQ,329268,180746,54.89
20,1532,ZENITHBIR,EQ,65298,63272,96.90
20,1533,ZENITHCOMP,EQ,1799,1300,72.26
20,1534,ZENSARTECH,EQ,117487,48875,41.60
20,1535,ZICOM,EQ,49466,26768,54.11
20,1536,ZODIACLOTH,EQ,706,615,87.11
20,1537,ZODJRDMKJ,EQ,101,101,100.00
20,1538,ZUARI,EQ,5401,4554,84.32
20,1539,ZUARIGLOB,EQ,6104,5444,89.19
20,1540,ZYDUSWELL,EQ,116834,38891,33.29
20,1541,ZYLOG,EQ,238219,130116,54.62
