Security Wise Delivery Position - Compulsory Rolling Settlement
10,MTO,18012016,428794501,0001592
Trade Date <18-JAN-2016>,Settlement Type <N>,Settlement No <2016012>,Settlement Date <20-JAN-2016>
Record Type,Sr No,Name of Security,Quantity Traded,Deliverable Quantity(gross across client level),% of Deliverable Quantity to Traded Quantity
20,1,20MICRONS,EQ,64843,39928,61.58
20,2,3IINFOTECH,EQ,4001814,1930681,48.25
20,3,3MINDIA,EQ,1364,1035,75.88
20,4,8KMILES,EQ,74058,19432,26.24
20,5,A2ZINFRA,EQ,266207,136336,51.21
20,6,AARTIDRUGS,EQ,38037,26705,70.21
20,7,AARTIIND,EQ,81714,53682,65.69
20,8,AARVEEDEN,EQ,3524,1670,47.39
20,9,ABAN,EQ,1284328,282634,22.01
20,10,ABB,EQ,34454,14650,42.52
20,11,ABBOTINDIA,EQ,3213,1784,55.52
20,12,ABGSHIP,EQ,353854,159587,45.10
20,13,ABIRLANUVO,EQ,1508493,1034184,68.56
20,14,ACC,EQ,156641,55389,35.36
20,15,ACCELYA,EQ,8465,7305,86.30
20,16,ACE,EQ,198488,94641,47.68
20,17,ACROPETAL,EQ,110418,72969,66.08
20,18,ADANIENT,EQ,3808252,422057,11.08
20,19,ADANIPORTS,EQ,4116330,1829725,44.45
20,20,ADANIPOWER,EQ,10961981,2361202,21.54
20,21,ADANITRANS,EQ,1414472,667929,47.22
20,22,ADFFOODS,EQ,75400,53492,70.94
20,23,ADHUNIK,EQ,121544,90898,74.79
20,24,ADI,EQ,5150,4279,83.09
20,25,ADLABS,EQ,53046,31509,59.40
20,26,ADORWELD,EQ,8247,5502,66.72
20,27,ADSL,EQ,497852,205764,41.33
20,28,ADVANIHOTR,EQ,3873,3403,87.86
20,29,ADVANTA,EQ,40122,19359,48.25
20,30,AEGISCHEM,EQ,429078,271604,63.30
20,31,AFL,EQ,58190,42465,72.98
20,32,AGARIND,EQ,25223,7899,31.32
20,33,AGCNET,EQ,14244,10013,70.30
20,34,AGRODUTCH,EQ,8145,7502,92.11
20,35,AHLEAST,EQ,144,91,63.19
20,36,AHLUCONT,EQ,45320,33681,74.32
20,37,AHLWEST,EQ,1585,568,35.84
20,38,AIAENG,EQ,43624,30205,69.24
20,39,AIFL,EQ,67868,25679,37.84
20,40,AIL,EQ,55785,31610,56.66
20,41,AJANTPHARM,EQ,236942,68303,28.83
20,42,AJMERA,EQ,124131,46430,37.40
20,43,AKSHOPTFBR,EQ,1708274,894209,52.35
20,44,AKZOINDIA,EQ,5720,2686,46.96
20,45,ALANKIT,EQ,523019,129480,24.76
20,46,ALBK,EQ,3406220,981753,28.82
20,47,ALCHEM,EQ,19202,11725,61.06
20,48,ALEMBICLTD,EQ,474506,223598,47.12
20,49,ALICON,EQ,4087,2906,71.10
20,50,ALKALI,EQ,17537,11980,68.31
20,51,ALKEM,EQ,635080,442420,69.66
20,52,ALKYLAMINE,EQ,12983,11945,92.00
20,53,ALLCARGO,EQ,135595,81420,60.05
20,54,ALLSEC,EQ,4668,3079,65.96
20,55,ALMONDZ,EQ,12025,6833,56.82
20,56,ALOKTEXT,EQ,4552095,2140641,47.03
20,57,ALPHAGEO,EQ,12028,8107,67.40
20,58,ALPSINDUS,EQ,3842,3841,99.97
20,59,ALSTOMT&D,EQ,60931,38370,62.97
20,60,AMARAJABAT,EQ,250620,163753,65.34
20,61,AMBIKCO,EQ,20516,11443,55.78
20,62,AMBUJACEM,EQ,2315714,1508468,65.14
20,63,AMDIND,EQ,32767,22142,67.57
20,64,AMRUTANJAN,EQ,16414,10353,63.07
20,65,AMTEKAUTO,EQ,2543788,749350,29.46
20,66,AMTL,EQ,40419,26044,64.44
20,67,ANANDAMRUB,EQ,1972,1972,100.00
20,68,ANANTRAJ,EQ,558975,268905,48.11
20,69,ANDHRABANK,EQ,2034648,613436,30.15
20,70,ANDHRACEMT,EQ,404370,276062,68.27
20,71,ANDHRSUGAR,EQ,25530,16238,63.60
20,72,ANGIND,EQ,101269,67323,66.48
20,73,ANKITMETAL,EQ,55798,50798,91.04
20,74,ANSALAPI,EQ,272406,151864,55.75
20,75,ANSALHSG,EQ,33483,22207,66.32
20,76,APARINDS,EQ,9470,5559,58.70
20,77,APCOTEXIND,EQ,10245,6573,64.16
20,78,APLAPOLLO,EQ,56784,26051,45.88
20,79,APLLTD,EQ,139223,73202,52.58
20,80,APOLLOHOSP,EQ,170876,87020,50.93
20,81,APOLLOTYRE,EQ,3310150,1517820,45.85
20,82,APTECHT,EQ,396349,162648,41.04
20,83,ARCHIDPLY,EQ,87303,50445,57.78
20,84,ARCHIES,EQ,201524,127272,63.15
20,85,ARCOTECH,EQ,83241,12054,14.48
20,86,ARIES,EQ,24319,13711,56.38
20,87,ARIHANT,EQ,12,10,83.33
20,88,AROGRANITE,EQ,17664,12740,72.12
20,89,ARROWCOAT,EQ,19534,9533,48.80
20,90,ARROWTEX,EQ,93560,48749,52.10
20,91,ARSHIYA,EQ,160597,86261,53.71
20,92,ARSSINFRA,EQ,185854,72349,38.93
20,93,ARVIND,EQ,2107312,589731,27.98
20,94,ARVINFRA,EQ,11311,8910,78.77
20,95,ASAHIINDIA,EQ,31986,16860,52.71
20,96,ASAHISONG,EQ,11923,7493,62.84
20,97,ASAL,EQ,4357,2878,66.05
20,98,ASHAPURMIN,EQ,184138,81151,44.07
20,99,ASHIANA,EQ,78085,60369,77.31
20,100,ASHIMASYN,EQ,20166,17855,88.54
20,101,ASHOKA,EQ,76927,48099,62.53
20,102,ASHOKLEY,EQ,13401345,4774668,35.63
20,103,ASIANHOTNR,EQ,55,41,74.55
20,104,ASIANPAINT,EQ,2335330,758914,32.50
20,105,ASIANTILES,EQ,58789,41185,70.06
20,106,ASSAMCO,EQ,331452,221982,66.97
20,107,ASTEC,EQ,47357,28889,61.00
20,108,ASTRAL,EQ,15805,10692,67.65
20,109,ASTRAMICRO,EQ,658896,257682,39.11
20,110,ASTRAZEN,EQ,20912,12241,58.54
20,111,ATFL,EQ,11405,8444,74.04
20,112,ATLANTA,EQ,43223,21161,48.96
20,113,ATLASCYCLE,EQ,5410,2719,50.26
20,114,ATNINTER,EQ,565,565,100.00
20,115,ATUL,EQ,15193,12257,80.68
20,116,ATULAUTO,EQ,67205,42756,63.62
20,117,AURIONPRO,EQ,33014,23535,71.29
20,118,AUROPHARMA,EQ,1783927,635760,35.64
20,119,AUSOMENT,EQ,800,400,50.00
20,120,AUSTRAL,EQ,66023,37518,56.83
20,121,AUTOAXLES,EQ,8130,3319,40.82
20,122,AUTOIND,EQ,29083,17746,61.02
20,123,AUTOLITIND,EQ,23041,16985,73.72
20,124,AVANTIFEED,EQ,68612,50534,73.65
20,125,AVTNPL,EQ,85764,54209,63.21
20,126,AXISBANK,EQ,14117119,6306033,44.67
20,127,AXISCADES,EQ,384836,213599,55.50
20,128,AXISGOLD,EQ,171,126,73.68
20,129,BAFNAPHARM,EQ,370554,170629,46.05
20,130,BAGFILMS,EQ,55029,44929,81.65
20,131,BAJAJ-AUTO,EQ,329495,146079,44.33
20,132,BAJAJCORP,EQ,125783,87549,69.60
20,133,BAJAJELEC,EQ,127271,65000,51.07
20,134,BAJAJFINSV,EQ,52245,37994,72.72
20,135,BAJAJHIND,EQ,4226011,1256195,29.73
20,136,BAJAJHLDNG,EQ,15677,12645,80.66
20,137,BAJFINANCE,EQ,112213,61652,54.94
20,138,BALAJITELE,EQ,618526,393343,63.59
20,139,BALAMINES,EQ,46337,33353,71.98
20,140,BALKRISIND,EQ,27163,19559,72.01
20,141,BALLARPUR,EQ,1669269,994968,59.61
20,142,BALMLAWRIE,EQ,11677,8121,69.55
20,143,BALPHARMA,EQ,268678,82740,30.80
20,144,BALRAMCHIN,EQ,3145349,787467,25.04
20,145,BANARBEADS,EQ,4039,2980,73.78
20,146,BANARISUG,EQ,354,299,84.46
20,147,BANCOINDIA,EQ,47933,29066,60.64
20,148,BANKBARODA,EQ,12717221,4835815,38.03
20,149,BANKBEES,EQ,11969,8993,75.14
20,150,BANKINDIA,EQ,4523474,698674,15.45
20,151,BANSWRAS,EQ,6201,4611,74.36
20,152,BARTRONICS,EQ,89043,56528,63.48
20,153,BASF,EQ,15373,9770,63.55
20,154,BASML,EQ,2593,1868,72.04
20,155,BATAINDIA,EQ,423764,300210,70.84
20,156,BAYERCROP,EQ,14265,7708,54.03
20,157,BBL,EQ,20176,7465,37.00
20,158,BBTC,EQ,83686,35428,42.33
20,159,BEDMUTHA,EQ,11594,6820,58.82
20,160,BEL,EQ,232534,89459,38.47
20,161,BEML,EQ,180663,42937,23.77
20,162,BEPL,EQ,270555,191360,70.73
20,163,BERGEPAINT,EQ,246725,151860,61.55
20,164,BFINVEST,EQ,35722,14092,39.45
20,165,BFUTILITIE,EQ,617411,122466,19.84
20,166,BGRENERGY,EQ,142551,60300,42.30
20,167,BHAGYNAGAR,EQ,8213,8115,98.81
20,168,BHARATFORG,EQ,997839,534974,53.61
20,169,BHARATGEAR,EQ,10872,8371,77.00
20,170,BHARATRAS,EQ,482,363,75.31
20,171,BHARTIARTL,EQ,4122977,2424497,58.80
20,172,BHEL,EQ,6836330,1339241,19.59
20,173,BHUSANSTL,EQ,223929,115033,51.37
20,174,BIL,EQ,15520,3426,22.07
20,175,BILENERGY,EQ,6780,6780,100.00
20,176,BINANIIND,EQ,25173,13988,55.57
20,177,BINDALAGRO,EQ,44286,29301,66.16
20,178,BIOCON,EQ,601105,115318,19.18
20,179,BIRLACORPN,EQ,3035,1064,35.06
20,180,BIRLACOT,EQ,175251,175251,100.00
20,181,BIRLAMONEY,EQ,50712,31598,62.31
20,182,BLBLIMITED,EQ,5095,4074,79.96
20,183,BLISSGVS,EQ,776194,320984,41.35
20,184,BLKASHYAP,EQ,191816,125530,65.44
20,185,BLUECHIP,EQ,5052,5052,100.00
20,186,BLUEDART,EQ,6188,4405,71.19
20,187,BLUESTARCO,EQ,15075,8871,58.85
20,188,BLUESTINFO,EQ,7703,5266,68.36
20,189,BODALCHEM,EQ,537216,266927,49.69
20,190,BOMDYEING,EQ,455703,203437,44.64
20,191,BOSCHLTD,EQ,13944,6502,46.63
20,192,BPCL,EQ,1366546,553358,40.49
20,193,BPL,EQ,122447,65989,53.89
20,194,BRFL,EQ,44771,42414,94.74
20,195,BRIGADE,EQ,21901,16182,73.89
20,196,BRITANNIA,EQ,211205,131931,62.47
20,197,BROOKS,EQ,405590,118496,29.22
20,198,BSELINFRA,EQ,111283,86195,77.46
20,199,BSL,EQ,110312,60978,55.28
20,200,BSLGOLDETF,EQ,494,277,56.07
20,201,BSLIMITED,EQ,799531,474213,59.31
20,202,BSLNIFTY,EQ,160,160,100.00
20,203,BURNPUR,EQ,209624,99944,47.68
20,204,BUTTERFLY,EQ,53158,26420,49.70
20,205,BVCL,EQ,17876,16291,91.13
20,206,BYKE,EQ,70335,48294,68.66
20,207,CADILAHC,EQ,2290276,1219003,53.23
20,208,CAIRN,EQ,3235033,913427,28.24
20,209,CALSOFT,EQ,5751,5541,96.35
20,210,CAMLINFINE,EQ,248183,161822,65.20
20,211,CANBK,EQ,4266163,647400,15.18
20,212,CANDC,EQ,14018,12728,90.80
20,213,CANFINHOME,EQ,90639,79042,87.21
20,214,CANTABIL,EQ,31710,19414,61.22
20,215,CAPF,EQ,100328,65788,65.57
20,216,CAPLIPOINT,EQ,26702,14862,55.66
20,217,CARBORUNIV,EQ,24846,18960,76.31
20,218,CAREERP,EQ,21971,11123,50.63
20,219,CARERATING,EQ,17062,13263,77.73
20,220,CASTEXTECH,EQ,2569079,1095836,42.65
20,221,CASTROLIND,EQ,207512,99328,47.87
20,222,CCCL,EQ,41285,34963,84.69
20,223,CCHHL,EQ,190262,138299,72.69
20,224,CCL,EQ,299808,229113,76.42
20,225,CEATLTD,EQ,441243,128321,29.08
20,226,CEBBCO,EQ,131678,79046,60.03
20,227,CELEBRITY,EQ,26556,18656,70.25
20,228,CELESTIAL,EQ,298937,141199,47.23
20,229,CENTENKA,EQ,46173,22473,48.67
20,230,CENTEXT,EQ,3235,3235,100.00
20,231,CENTRALBK,EQ,141700,64039,45.19
20,232,CENTUM,EQ,23761,13796,58.06
20,233,CENTURYPLY,EQ,246633,124162,50.34
20,234,CENTURYTEX,EQ,1232911,250422,20.31
20,235,CERA,EQ,12184,6430,52.77
20,236,CEREBRAINT,EQ,564486,226351,40.10
20,237,CESC,EQ,1334794,1129240,84.60
20,238,CGCL,EQ,1529,1301,85.09
20,239,CHAMBLFERT,EQ,293853,223442,76.04
20,240,CHEMFALKAL,EQ,1863,1417,76.06
20,241,CHENNPETRO,EQ,443926,180017,40.55
20,242,CHOLAFIN,EQ,82279,68455,83.20
20,243,CHROMATIC,EQ,455098,285531,62.74
20,244,CIGNITITEC,EQ,176672,145242,82.21
20,245,CIMMCO,EQ,87987,40906,46.49
20,246,CINELINE,EQ,39250,32180,81.99
20,247,CINEVISTA,EQ,1640,1640,100.00
20,248,CIPLA,EQ,1435098,858442,59.82
20,249,CLNINDIA,EQ,4180,3326,79.57
20,250,COALINDIA,EQ,1736472,951443,54.79
20,251,COFFEEDAY,EQ,120840,64102,53.05
20,252,COLPAL,EQ,265587,131224,49.41
20,253,COMPUSOFT,EQ,22062,13095,59.36
20,254,CONCOR,EQ,279106,219101,78.50
20,255,CONSOFINVT,EQ,26202,15266,58.26
20,256,CORDSCABLE,EQ,2894,2894,100.00
20,257,COROMANDEL,EQ,144315,131711,91.27
20,258,CORPBANK,EQ,245646,171853,69.96
20,259,COSMOFILMS,EQ,160184,62050,38.74
20,260,COX&KINGS,EQ,458919,323644,70.52
20,261,CPSEETF,EQ,294969,230906,78.28
20,262,CREATIVEYE,EQ,24435,10734,43.93
20,263,CREST,EQ,911,898,98.57
20,264,CRISIL,EQ,8322,5944,71.43
20,265,CROMPGREAV,EQ,2195132,693471,31.59
20,266,CUB,EQ,353834,281696,79.61
20,267,CUMMINSIND,EQ,136696,102675,75.11
20,268,CURATECH,EQ,10,10,100.00
20,269,CYBERMEDIA,EQ,50,50,100.00
20,270,CYBERTECH,EQ,51319,20838,40.60
20,271,CYIENT,EQ,60891,33572,55.13
20,272,DAAWAT,EQ,20368,11631,57.10
20,273,DABUR,EQ,813644,456147,56.06
20,274,DALMIABHA,EQ,29712,20883,70.28
20,275,DALMIASUG,EQ,305007,194951,63.92
20,276,DATAMATICS,EQ,154333,84059,54.47
20,277,DBCORP,EQ,4639,2444,52.68
20,278,DBREALTY,EQ,347248,283886,81.75
20,279,DBSTOCKBRO,EQ,7347,1315,17.90
20,280,DCBBANK,EQ,1020824,602929,59.06
20,281,DCM,EQ,63673,21703,34.09
20,282,DCMSHRIRAM,EQ,110949,69109,62.29
20,283,DCW,EQ,1922236,1025022,53.32
20,284,DECCANCE,EQ,10763,7113,66.09
20,285,DEEPAKFERT,EQ,36519,23942,65.56
20,286,DEEPAKNTR,EQ,219833,119201,54.22
20,287,DEEPIND,EQ,234272,101186,43.19
20,288,DELTACORP,EQ,1039722,454146,43.68
20,289,DELTAMAGNT,EQ,24,22,91.67
20,290,DEN,EQ,149356,84261,56.42
20,291,DENABANK,EQ,431665,203173,47.07
20,292,DENORA,EQ,22429,11311,50.43
20,293,DHAMPURSUG,EQ,671357,239018,35.60
20,294,DHANBANK,EQ,422051,253672,60.10
20,295,DHANUKA,EQ,33747,29649,87.86
20,296,DHARSUGAR,EQ,7875,5062,64.28
20,297,DHFL,EQ,992524,327349,32.98
20,298,DHUNINV,EQ,192,137,71.35
20,299,DIAPOWER,EQ,52176,34389,65.91
20,300,DICIND,EQ,2640,2224,84.24
20,301,DIGJAM,EQ,93419,54052,57.86
20,302,DISHMAN,EQ,654260,173707,26.55
20,303,DISHTV,EQ,5736719,2026089,35.32
20,304,DIVISLAB,EQ,229101,101518,44.31
20,305,DLF,EQ,13670077,2485557,18.18
20,306,DLINKINDIA,EQ,102911,68613,66.67
20,307,DOLPHINOFF,EQ,48607,22284,45.85
20,308,DONEAR,EQ,80319,67923,84.57
20,309,DPL,EQ,19718,14874,75.43
20,310,DPSCLTD,EQ,3534,3531,99.92
20,311,DQE,EQ,110460,54863,49.67
20,312,DREDGECORP,EQ,21074,11851,56.24
20,313,DRREDDY,EQ,275436,111576,40.51
20,314,DSKULKARNI,EQ,25713,21109,82.09
20,315,DSSL,EQ,474,474,100.00
20,316,DTIL,EQ,4205,3074,73.10
20,317,DWARKESH,EQ,114515,63691,55.62
20,318,DYNAMATECH,EQ,10554,8649,81.95
20,319,DYNATECH,EQ,113343,84540,74.59
20,320,EASTSILK,EQ,13931,13926,99.96
20,321,EASUNREYRL,EQ,45515,28617,62.87
20,322,ECEIND,EQ,547,362,66.18
20,323,ECLERX,EQ,31239,24582,78.69
20,324,ECLFINANCE,N1,893,781,87.46
20,325,ECLFINANCE,N2,100,100,100.00
20,326,ECLFINANCE,N3,37,37,100.00
20,327,ECLFINANCE,N4,7,7,100.00
20,328,ECLFINANCE,N5,2970,2970,100.00
20,329,ECLFINANCE,N7,635,635,100.00
20,330,ECLFINANCE,N8,55,55,100.00
20,331,ECLFINANCE,NB,80,80,100.00
20,332,EDELWEISS,EQ,306801,215357,70.19
20,333,EDL,EQ,179076,88958,49.68
20,334,EDUCOMP,EQ,1084272,570854,52.65
20,335,EICHERMOT,EQ,48522,19160,39.49
20,336,EIDPARRY,EQ,206149,82114,39.83
20,337,EIHAHOTELS,EQ,2087,1395,66.84
20,338,EIHOTEL,EQ,86822,51962,59.85
20,339,EKC,EQ,706047,333607,47.25
20,340,ELAND,EQ,44899,29036,64.67
20,341,ELECON,EQ,151063,97520,64.56
20,342,ELECTCAST,EQ,641778,339736,52.94
20,343,ELECTHERM,EQ,1058,640,60.49
20,344,ELGIEQUIP,EQ,84278,43692,51.84
20,345,ELGIRUBCO,EQ,40376,27008,66.89
20,346,EMAMIINFRA,EQ,15557,11144,71.63
20,347,EMAMILTD,EQ,219476,136117,62.02
20,348,EMCO,EQ,95458,47279,49.53
20,349,EMKAY,EQ,17707,10130,57.21
20,350,EMKAYTOOLS,SM,400,400,100.00
20,351,EMMBI,EQ,133189,68637,51.53
20,352,ENERGYDEV,EQ,34538,25112,72.71
20,353,ENGINERSIN,EQ,633214,168244,26.57
20,354,ENIL,EQ,16054,15597,97.15
20,355,EON,EQ,13803,9430,68.32
20,356,EROSMEDIA,EQ,656560,321236,48.93
20,357,ESABINDIA,EQ,8050,5046,62.68
20,358,ESCORTS,EQ,561126,241738,43.08
20,359,ESL,EQ,1359381,781570,57.49
20,360,ESSAROIL,EQ,319290,282548,88.49
20,361,ESSARSHPNG,EQ,383856,198988,51.84
20,362,ESSDEE,EQ,307863,120084,39.01
20,363,ESSELPACK,EQ,203197,134433,66.16
20,364,ESTER,EQ,143862,82163,57.11
20,365,EUROCERA,EQ,10065,10065,100.00
20,366,EUROTEXIND,EQ,11683,4979,42.62
20,367,EVEREADY,EQ,543549,352938,64.93
20,368,EVERESTIND,EQ,22401,13572,60.59
20,369,EVERONN,EQ,61774,32357,52.38
20,370,EXCEL,EQ,85449,43671,51.11
20,371,EXCELCROP,EQ,4452,3869,86.90
20,372,EXCELINDUS,EQ,18233,12935,70.94
20,373,EXIDEIND,EQ,828595,377729,45.59
20,374,FACT,EQ,67735,32978,48.69
20,375,FAGBEARING,EQ,31717,29069,91.65
20,376,FARMAXIND,EQ,2978215,1850870,62.15
20,377,FCEL,EQ,5480836,2766529,50.48
20,378,FCL,EQ,104519,62201,59.51
20,379,FCSSOFT,EQ,2133652,1418216,66.47
20,380,FDC,EQ,35973,21647,60.18
20,381,FEDDERLOYD,EQ,86624,45486,52.51
20,382,FEDERALBNK,EQ,3757705,1264995,33.66
20,383,FIEMIND,EQ,38758,18514,47.77
20,384,FILATEX,EQ,4720,3543,75.06
20,385,FINANTECH,EQ,491060,137182,27.94
20,386,FINCABLES,EQ,86101,66607,77.36
20,387,FINPIPE,EQ,18520,13805,74.54
20,388,FLEXITUFF,EQ,41404,1584,3.83
20,389,FLFL,EQ,132610,83777,63.18
20,390,FMGOETZE,EQ,8801,6157,69.96
20,391,FMNL,EQ,41471,27728,66.86
20,392,FORTIS,EQ,889371,453375,50.98
20,393,FOSECOIND,EQ,2042,1366,66.90
20,394,FRL,EQ,260273,163437,62.79
20,395,FRLDVR,EQ,2743,1765,64.35
20,396,FSL,EQ,1899267,971236,51.14
20,397,GABRIEL,EQ,202054,129360,64.02
20,398,GAEL,EQ,72386,43664,60.32
20,399,GAIL,EQ,1754042,518643,29.57
20,400,GAL,EQ,20785,14830,71.35
20,401,GALLANTT,EQ,18782,11996,63.87
20,402,GALLISPAT,EQ,24883,13896,55.85
20,403,GAMMNINFRA,EQ,1305462,706865,54.15
20,404,GAMMONIND,EQ,339280,200389,59.06
20,405,GANDHITUBE,EQ,1594,1376,86.32
20,406,GANECOS,EQ,21892,19764,90.28
20,407,GANESHHOUC,EQ,43946,26688,60.73
20,408,GARDENSILK,EQ,75199,44657,59.39
20,409,GARWALLROP,EQ,62848,35506,56.50
20,410,GATI,EQ,1323256,529231,39.99
20,411,GAYAPROJ,EQ,110813,55715,50.28
20,412,GDL,EQ,126055,69652,55.26
20,413,GEECEE,EQ,25054,14509,57.91
20,414,GEINDSYS,EQ,2125,2125,100.00
20,415,GEMINI,EQ,17531,17531,100.00
20,416,GENESYS,EQ,12715,10009,78.72
20,417,GENUSPAPER,EQ,306865,268170,87.39
20,418,GENUSPOWER,EQ,3294360,1300057,39.46
20,419,GEOJITBNPP,EQ,109766,75250,68.55
20,420,GEOMETRIC,EQ,792360,381593,48.16
20,421,GESHIP,EQ,24515,16847,68.72
20,422,GHCL,EQ,443126,296736,66.96
20,423,GICHSGFIN,EQ,58081,33368,57.45
20,424,GILLANDERS,EQ,10240,6706,65.49
20,425,GILLETTE,EQ,16540,11421,69.05
20,426,GINNIFILA,EQ,125572,79533,63.34
20,427,GIPCL,EQ,62228,47121,75.72
20,428,GITANJALI,EQ,217189,119660,55.09
20,429,GKWLIMITED,EQ,1941,1156,59.56
20,430,GLAXO,EQ,7184,4385,61.04
20,431,GLENMARK,EQ,791684,300329,37.94
20,432,GLFL,EQ,1000,1000,100.00
20,433,GLOBALVECT,EQ,14443,9950,68.89
20,434,GLOBOFFS,EQ,11646,7084,60.83
20,435,GLOBUSSPR,EQ,200125,109797,54.86
20,436,GMBREW,EQ,128350,35878,27.95
20,437,GMDCLTD,EQ,186667,119486,64.01
20,438,GMRINFRA,EQ,19846310,5466878,27.55
20,439,GNFC,EQ,83651,44946,53.73
20,440,GOACARBON,EQ,52183,34905,66.89
20,441,GOCLCORP,EQ,32686,23061,70.55
20,442,GODFRYPHLP,EQ,143067,48316,33.77
20,443,GODREJCP,EQ,144984,87469,60.33
20,444,GODREJIND,EQ,244738,59817,24.44
20,445,GODREJPROP,EQ,487276,417499,85.68
20,446,GOKEX,EQ,166948,126220,75.60
20,447,GOKUL,EQ,5285,3861,73.06
20,448,GOLDBEES,EQ,35031,18568,53.00
20,449,GOLDENTOBC,EQ,4338,3262,75.20
20,450,GOLDIAM,EQ,32185,15210,47.26
20,451,GOLDINFRA,EQ,66063,57663,87.28
20,452,GOLDSHARE,EQ,3750,2278,60.75
20,453,GOODLUCK,EQ,296279,154974,52.31
20,454,GPIL,EQ,12367,7606,61.50
20,455,GPPL,EQ,454195,347092,76.42
20,456,GRANULES,EQ,2096554,989124,47.18
20,457,GRAPHITE,EQ,20154,14039,69.66
20,458,GRASIM,EQ,63221,40865,64.64
20,459,GRAVITA,EQ,87666,53868,61.45
20,460,GREAVESCOT,EQ,158691,90373,56.95
20,461,GREENFIRE,EQ,40989,30266,73.84
20,462,GREENLAM,EQ,2392,1994,83.36
20,463,GREENPLY,EQ,106510,67417,63.30
20,464,GREENPOWER,EQ,426074,276003,64.78
20,465,GRINDWELL,EQ,6787,5925,87.30
20,466,GRPLTD,EQ,176,158,89.77
20,467,GRUH,EQ,451849,313316,69.34
20,468,GSCLCEMENT,EQ,79183,38620,48.77
20,469,GSFC,EQ,544346,272400,50.04
20,470,GSKCONS,EQ,6948,5368,77.26
20,471,GSPL,EQ,412141,263582,63.95
20,472,GSS,EQ,11728,9661,82.38
20,473,GTL,EQ,187660,123545,65.83
20,474,GTLINFRA,EQ,2417106,1262784,52.24
20,475,GTNIND,EQ,1249,1249,100.00
20,476,GTNTEX,EQ,175,175,100.00
20,477,GTOFFSHORE,EQ,80884,60108,74.31
20,478,GUFICBIO,EQ,40771,31123,76.34
20,479,GUJALKALI,EQ,57142,26485,46.35
20,480,GUJAPOLLO,EQ,9789,9207,94.05
20,481,GUJFLUORO,EQ,27972,14747,52.72
20,482,GUJGASLTD,EQ,61995,34800,56.13
20,483,GUJNRECOKE,EQ,3079022,1412904,45.89
20,484,GUJNREDVR,EQ,64376,35420,55.02
20,485,GULFOILLUB,EQ,4143,2980,71.93
20,486,GULFPETRO,EQ,81174,44304,54.58
20,487,GULPOLY,EQ,6400,5172,80.81
20,488,GVKPIL,EQ,3696913,2008792,54.34
20,489,HANUNG,EQ,42458,24012,56.55
20,490,HARITASEAT,EQ,11198,7112,63.51
20,491,HARRMALAYA,EQ,35050,21657,61.79
20,492,HATHWAY,EQ,69732,40749,58.44
20,493,HATSUN,EQ,6649,5652,85.01
20,494,HAVELLS,EQ,1807866,840693,46.50
20,495,HBLPOWER,EQ,433636,210688,48.59
20,496,HBSTOCK,EQ,271,264,97.42
20,497,HCC,EQ,2603038,1257100,48.29
20,498,HCIL,EQ,949307,778675,82.03
20,499,HCL-INSYS,EQ,2665597,943175,35.38
20,500,HCLTECH,EQ,1887068,1163098,61.64
20,501,HDFC,EQ,2262744,1569012,69.34
20,502,HDFC,W2,532900,489100,91.78
20,503,HDFCBANK,EQ,1623847,871540,53.67
20,504,HDFCBANK,IL,9000,9000,100.00
20,505,HDFCMFGETF,EQ,3970,3301,83.15
20,506,HDFCNIFETF,EQ,10,5,50.00
20,507,HDIL,EQ,13737585,1053947,7.67
20,508,HEG,EQ,12942,7495,57.91
20,509,HEIDELBERG,EQ,183793,123206,67.04
20,510,HERCULES,EQ,8218,5394,65.64
20,511,HERITGFOOD,EQ,52417,23555,44.94
20,512,HEROMOTOCO,EQ,285797,191285,66.93
20,513,HESTERBIO,EQ,11252,7765,69.01
20,514,HEXATRADEX,EQ,17951,10835,60.36
20,515,HEXAWARE,EQ,698788,196499,28.12
20,516,HFCL,EQ,17177607,6854285,39.90
20,517,HGS,EQ,7430,6601,88.84
20,518,HIKAL,EQ,149147,77781,52.15
20,519,HIL,EQ,7273,5188,71.33
20,520,HILTON,EQ,7008,7003,99.93
20,521,HIMATSEIDE,EQ,448273,164585,36.72
20,522,HINDALCO,EQ,6814262,1462390,21.46
20,523,HINDCOMPOS,EQ,136,124,91.18
20,524,HINDCOPPER,EQ,125654,68111,54.21
20,525,HINDDORROL,EQ,159178,98714,62.01
20,526,HINDMOTORS,EQ,129341,93945,72.63
20,527,HINDNATGLS,EQ,359,359,100.00
20,528,HINDOILEXP,EQ,319448,166553,52.14
20,529,HINDPETRO,EQ,1450706,598644,41.27
20,530,HINDSYNTEX,EQ,2415,1800,74.53
20,531,HINDUJAFO,EQ,520,451,86.73
20,532,HINDUJAVEN,EQ,3301,2869,86.91
20,533,HINDUNILVR,EQ,1525578,749435,49.12
20,534,HINDZINC,EQ,976804,541345,55.42
20,535,HIRECT,EQ,8331,5605,67.28
20,536,HITACHIHOM,EQ,30080,21119,70.21
20,537,HITECHGEAR,EQ,26117,18536,70.97
20,538,HITECHPLAS,EQ,49579,25660,51.76
20,539,HMT,EQ,169463,65410,38.60
20,540,HMVL,EQ,17724,13162,74.26
20,541,HNGSNGBEES,EQ,32,29,90.62
20,542,HOCL,EQ,77417,47717,61.64
20,543,HONAUT,EQ,1103,644,58.39
20,544,HONDAPOWER,EQ,4386,2973,67.78
20,545,HOTELEELA,EQ,244432,161995,66.27
20,546,HOTELRUGBY,EQ,1100,1100,100.00
20,547,HOVS,EQ,16651,6970,41.86
20,548,HSIL,EQ,174761,112296,64.26
20,549,HTMEDIA,EQ,163139,141903,86.98
20,550,HUBTOWN,EQ,7576,4327,57.11
20,551,HUDCO,N2,550,547,99.45
20,552,HUDCO,N3,50,25,50.00
20,553,IBREALEST,EQ,12546984,3885888,30.97
20,554,IBULHSGFIN,EQ,1878129,1159146,61.72
20,555,IBVENTURES,EQ,588939,457041,77.60
20,556,IBWSL,EQ,46813,46811,100.00
20,557,ICICIBANK,EQ,27490009,17301676,62.94
20,558,ICIL,EQ,228672,156319,68.36
20,559,ICNX100,EQ,138,93,67.39
20,560,ICRA,EQ,2313,1376,59.49
20,561,ICSA,EQ,7431,7431,100.00
20,562,IDBI,EQ,13903154,3180573,22.88
20,563,IDBIGOLD,EQ,287,244,85.02
20,564,IDEA,EQ,4136270,2229219,53.89
20,565,IDFC,EQ,3506294,1637744,46.71
20,566,IDFCBANK,EQ,4818608,4015551,83.33
20,567,IDFCBANK,N1,42,22,52.38
20,568,IDFCBANK,N2,148,146,98.65
20,569,IDFCBANK,N3,1,1,100.00
20,570,IDFCBANK,N4,47,28,59.57
20,571,IFBAGRO,EQ,7224,5627,77.89
20,572,IFBIND,EQ,4936,2854,57.82
20,573,IFCI,EQ,12409007,3023096,24.36
20,574,IFCI,NC,40,40,100.00
20,575,IFCI,ND,10,10,100.00
20,576,IFCI,NE,155,100,64.52
20,577,IFCI,NF,400,400,100.00
20,578,IFCI,NH,36,36,100.00
20,579,IFCI,NI,42,42,100.00
20,580,IFGLREFRAC,EQ,8528,7064,82.83
20,581,IGARASHI,EQ,21866,12951,59.23
20,582,IGL,EQ,961147,323749,33.68
20,583,IGOLD,EQ,262,232,88.55
20,584,IGPL,EQ,63124,41149,65.19
20,585,IIFL,EQ,75909,61211,80.64
20,586,IIFLFIN,N4,449,449,100.00
20,587,IIFLFIN,N5,885,610,68.93
20,588,IIFLFIN,N6,221,181,81.90
20,589,IIFLFIN,N7,105,105,100.00
20,590,IIFLFIN,N8,2169,2004,92.39
20,591,IIFLFIN,N9,59,59,100.00
20,592,IIFLFIN,NA,603,492,81.59
20,593,IIFLFIN,NB,120,120,100.00
20,594,IIHFL,N1,1232,1088,88.31
20,595,IIHFL,N2,1700,1223,71.94
20,596,IIHFL,N3,6,3,50.00
20,597,IITL,EQ,120,120,100.00
20,598,IL&FSENGG,EQ,75550,48044,63.59
20,599,IL&FSTRANS,EQ,269220,231427,85.96
20,600,IMFA,EQ,4195,3946,94.06
20,601,IMPAL,EQ,353,254,71.95
20,602,IMPEXFERRO,EQ,55455,55455,100.00
20,603,INDBANK,EQ,24614,14323,58.19
20,604,INDHOTEL,D1,23454,17207,73.36
20,605,INDHOTEL,EQ,1379024,996155,72.24
20,606,INDIACEM,EQ,5759379,2029341,35.24
20,607,INDIAGLYCO,EQ,28979,15237,52.58
20,608,INDIANB,EQ,259937,143797,55.32
20,609,INDIANCARD,EQ,5500,2405,43.73
20,610,INDIANHUME,EQ,15324,10941,71.40
20,611,INDIGO,EQ,1168284,323323,27.68
20,612,INDLMETER,EQ,8577,7957,92.77
20,613,INDNIPPON,EQ,2657,2135,80.35
20,614,INDOCO,EQ,31487,17931,56.95
20,615,INDORAMA,EQ,50173,38119,75.98
20,616,INDOSOLAR,EQ,1082133,665265,61.48
20,617,INDOTECH,EQ,26856,14267,53.12
20,618,INDOTHAI,EQ,1602,1501,93.70
20,619,INDRAMEDCO,EQ,239038,138278,57.85
20,620,INDSWFTLAB,EQ,219439,134487,61.29
20,621,INDTERRAIN,EQ,159784,128576,80.47
20,622,INDUSINDBK,EQ,1123421,494857,44.05
20,623,INFINITE,EQ,75658,33335,44.06
20,624,INFOMEDIA,EQ,106287,68226,64.19
20,625,INFRABEES,EQ,1431,1128,78.83
20,626,INFRATEL,EQ,1651128,1176548,71.26
20,627,INFY,EQ,5033306,3285743,65.28
20,628,INGERRAND,EQ,11185,7635,68.26
20,629,INIFTY,EQ,409,354,86.55
20,630,INOXLEISUR,EQ,177404,111079,62.61
20,631,INOXWIND,EQ,255981,207585,81.09
20,632,INSECTICID,EQ,45998,29418,63.95
20,633,INTELLECT,EQ,1076706,406084,37.72
20,634,INVENTURE,EQ,2818,2818,100.00
20,635,IOB,EQ,1611076,346238,21.49
20,636,IOC,EQ,1216661,635866,52.26
20,637,IOLCP,EQ,26943,10311,38.27
20,638,IPAPPM,EQ,153236,139948,91.33
20,639,IPCALAB,EQ,268889,163657,60.86
20,640,IRB,EQ,1636886,568019,34.70
20,641,IREDA,N6,20,20,100.00
20,642,IRFC,N1,130,120,92.31
20,643,IRFC,N2,10,10,100.00
20,644,IRFC,N4,68,60,88.24
20,645,IRFC,N9,4,4,100.00
20,646,IRFC,NA,329,250,75.99
20,647,IRFC,NI,40,40,100.00
20,648,IRFC,NJ,5142,4613,89.71
20,649,IRFC,NK,216,216,100.00
20,650,ISENSEX,EQ,1,1,100.00
20,651,ISFT,EQ,164118,143613,87.51
20,652,ISMTLTD,EQ,98337,72978,74.21
20,653,ITC,EQ,7886674,6263349,79.42
20,654,ITDCEM,EQ,222176,112816,50.78
20,655,ITI,EQ,114439,68967,60.27
20,656,IVC,EQ,217487,168580,77.51
20,657,IVP,EQ,15390,10735,69.75
20,658,IVRCLINFRA,EQ,1973515,942282,47.75
20,659,IZMO,EQ,164114,88906,54.17
20,660,J&KBANK,EQ,473929,263391,55.58
20,661,JAGRAN,EQ,101392,72567,71.57
20,662,JAGSNPHARM,EQ,174653,60540,34.66
20,663,JAIBALAJI,EQ,15830,13595,85.88
20,664,JAICORPLTD,EQ,1768679,512409,28.97
20,665,JAIHINDPRO,EQ,12782,11683,91.40
20,666,JAMNAAUTO,EQ,1149794,646836,56.26
20,667,JAYAGROGN,EQ,8522,4259,49.98
20,668,JAYBARMARU,EQ,10667,7107,66.63
20,669,JAYNECOIND,EQ,42331,37209,87.90
20,670,JAYSREETEA,EQ,66651,45291,67.95
20,671,JBCHEPHARM,EQ,120554,59719,49.54
20,672,JBFIND,EQ,149189,81159,54.40
20,673,JBMA,EQ,34296,24146,70.40
20,674,JCTEL,EQ,38996,38969,99.93
20,675,JENSONICOL,EQ,16652,14596,87.65
20,676,JETAIRWAYS,EQ,6660779,673991,10.12
20,677,JINDALPHOT,EQ,7032,3425,48.71
20,678,JINDALPOLY,EQ,80807,41922,51.88
20,679,JINDALSAW,EQ,312170,167087,53.52
20,680,JINDALSTEL,EQ,15693048,3942589,25.12
20,681,JINDCOT,EQ,116260,48695,41.88
20,682,JINDRILL,EQ,4407,2809,63.74
20,683,JINDWORLD,EQ,43,43,100.00
20,684,JISLDVREQS,EQ,67335,29186,43.34
20,685,JISLJALEQS,EQ,4247712,1557038,36.66
20,686,JKCEMENT,EQ,13652,10032,73.48
20,687,JKIL,EQ,30537,23215,76.02
20,688,JKLAKSHMI,EQ,57743,45259,78.38
20,689,JKPAPER,EQ,212708,162328,76.31
20,690,JKTYRE,EQ,882914,407947,46.20
20,691,JMA,EQ,2041,1960,96.03
20,692,JMCPROJECT,EQ,16780,10883,64.86
20,693,JMFINANCIL,EQ,259064,163577,63.14
20,694,JMTAUTOLTD,EQ,40587,22722,55.98
20,695,JOCIL,EQ,7334,5554,75.73
20,696,JPASSOCIAT,EQ,37295671,6678231,17.91
20,697,JPINFRATEC,EQ,1133787,749214,66.08
20,698,JPOLYINVST,EQ,14252,12183,85.48
20,699,JPPOWER,EQ,1656346,893989,53.97
20,700,JSL,EQ,211606,141519,66.88
20,701,JSWENERGY,EQ,1614358,351048,21.75
20,702,JSWHL,EQ,8829,8359,94.68
20,703,JSWSTEEL,EQ,945020,147150,15.57
20,704,JSWSTEEL,P2,6886,6736,97.82
20,705,JUBILANT,EQ,874216,398246,45.55
20,706,JUBLFOOD,EQ,552760,292819,52.97
20,707,JUBLINDS,EQ,18630,11171,59.96
20,708,JUNIORBEES,EQ,12370,9234,74.65
20,709,JUSTDIAL,EQ,325206,157532,48.44
20,710,JVLAGRO,EQ,189470,118182,62.38
20,711,JYOTHYLAB,EQ,124773,92640,74.25
20,712,JYOTISTRUC,EQ,258459,159176,61.59
20,713,KABRAEXTRU,EQ,11578,8828,76.25
20,714,KAJARIACER,EQ,50775,39577,77.95
20,715,KAKATCEM,EQ,10185,8047,79.01
20,716,KALINDEE,EQ,188160,57535,30.58
20,717,KALPATPOWR,EQ,180914,116512,64.40
20,718,KAMATHOTEL,EQ,20026,12737,63.60
20,719,KANANIIND,EQ,54748,21309,38.92
20,720,KANORICHEM,EQ,108825,74677,68.62
20,721,KANSAINER,EQ,821246,785066,95.59
20,722,KARMAENG,EQ,1746,984,56.36
20,723,KARURVYSYA,EQ,386529,300646,77.78
20,724,KAUSHALYA,EQ,12805,10699,83.55
20,725,KAVVERITEL,EQ,8786,6158,70.09
20,726,KAYA,EQ,71688,35361,49.33
20,727,KCP,EQ,190966,103661,54.28
20,728,KCPSUGIND,EQ,584471,341417,58.41
20,729,KEC,EQ,638007,393254,61.64
20,730,KECL,EQ,329117,192020,58.34
20,731,KEI,EQ,1217367,567596,46.62
20,732,KEMROCK,EQ,19415,15194,78.26
20,733,KESARENT,EQ,740,740,100.00
20,734,KESORAMIND,EQ,444430,247543,55.70
20,735,KGL,EQ,2146634,1258416,58.62
20,736,KHAITANELE,EQ,365,297,81.37
20,737,KHAITANLTD,EQ,2310,2301,99.61
20,738,KICL,EQ,1363,1247,91.49
20,739,KIL,EQ,13577,8926,65.74
20,740,KILITCH,EQ,23069,16368,70.95
20,741,KIRIINDUS,EQ,35863,25029,69.79
20,742,KIRLOSBROS,EQ,17804,12812,71.96
20,743,KIRLOSENG,EQ,25705,22631,88.04
20,744,KIRLOSIND,EQ,501,240,47.90
20,745,KITEX,EQ,71972,42165,58.59
20,746,KKCL,EQ,162,112,69.14
20,747,KMSUGAR,EQ,525,525,100.00
20,748,KNRCON,EQ,38755,23866,61.58
20,749,KOHINOOR,EQ,145671,44313,30.42
20,750,KOKUYOCMLN,EQ,81589,52489,64.33
20,751,KOLTEPATIL,EQ,42936,27211,63.38
20,752,KOPRAN,EQ,725072,267210,36.85
20,753,KOTAKBANK,EQ,2206808,616396,27.93
20,754,KOTAKBKETF,EQ,53080,31601,59.53
20,755,KOTAKGOLD,EQ,31136,20061,64.43
20,756,KOTAKNIFTY,EQ,5652,1109,19.62
20,757,KOTAKNV20,EQ,232,232,100.00
20,758,KOTAKPSUBK,EQ,20538,5898,28.72
20,759,KOTARISUG,EQ,65053,61603,94.70
20,760,KOTHARIPET,EQ,78140,60567,77.51
20,761,KOTHARIPRO,EQ,25433,13146,51.69
20,762,KPIT,EQ,353071,163578,46.33
20,763,KPRMILL,EQ,73061,52407,71.73
20,764,KRBL,EQ,311721,238961,76.66
20,765,KRIDHANINF,EQ,124358,69972,56.27
20,766,KSBPUMPS,EQ,5326,4256,79.91
20,767,KSCL,EQ,733302,180389,24.60
20,768,KSK,EQ,148020,83865,56.66
20,769,KSL,EQ,207945,112690,54.19
20,770,KTIL,EQ,7037,4719,67.06
20,771,KTKBANK,EQ,5872091,1267434,21.58
20,772,KWALITY,EQ,2281391,714039,31.30
20,773,L&TFH,EQ,2424043,1067851,44.05
20,774,L&TFINANCE,N3,20,20,100.00
20,775,L&TFINANCE,N4,540,535,99.07
20,776,L&TINFRA,N1,216,216,100.00
20,777,L&TINFRA,N2,484,419,86.57
20,778,L&TINFRA,N3,205,195,95.12
20,779,L&TINFRA,N4,807,786,97.40
20,780,LAKPRE,EQ,3349,2922,87.25
20,781,LAKSHMIEFL,EQ,217693,103484,47.54
20,782,LAKSHVILAS,EQ,242156,180607,74.58
20,783,LALPATHLAB,EQ,172923,65092,37.64
20,784,LAMBODHARA,EQ,104736,31782,30.34
20,785,LAOPALA,EQ,19023,10650,55.98
20,786,LAXMIMACH,EQ,8727,7272,83.33
20,787,LCCINFOTEC,EQ,51,51,100.00
20,788,LGBBROSLTD,EQ,10371,6138,59.18
20,789,LGBFORGE,EQ,130829,87470,66.86
20,790,LIBERTSHOE,EQ,48904,39996,81.78
20,791,LICHSGFIN,EQ,2716013,791385,29.14
20,792,LICNETFGSC,EQ,1111,700,63.01
20,793,LINCOLN,EQ,1646204,595030,36.15
20,794,LINCPEN,EQ,20451,13934,68.13
20,795,LINDEINDIA,EQ,2406,2060,85.62
20,796,LIQUIDBEES,EQ,420425,353937,84.19
20,797,LITL,EQ,8060193,3101523,38.48
20,798,LLOYDELENG,EQ,379309,126318,33.30
20,799,LML,EQ,472523,273523,57.89
20,800,LOKESHMACH,EQ,23923,13946,58.30
20,801,LOTUSEYE,EQ,79184,64982,82.06
20,802,LOVABLE,EQ,53309,26178,49.11
20,803,LPDC,EQ,9700,7702,79.40
20,804,LT,EQ,2777755,1214514,43.72
20,805,LUMAXAUTO,EQ,18795,10930,58.15
20,806,LUMAXIND,EQ,14496,11690,80.64
20,807,LUMAXTECH,EQ,32988,24175,73.28
20,808,LUPIN,EQ,955512,532626,55.74
20,809,LUXIND,EQ,3065,1887,61.57
20,810,LYCOS,EQ,795062,437707,55.05
20,811,LYKALABS,EQ,488604,221434,45.32
20,812,LYPSAGEMS,EQ,17259,7873,45.62
20,813,M&M,EQ,614447,289636,47.14
20,814,M&MFIN,EQ,1256351,627487,49.95
20,815,M100,EQ,14116,10652,75.46
20,816,M50,EQ,2988,2434,81.46
20,817,MAANALU,EQ,14616,10916,74.69
20,818,MADHAV,EQ,17136,11063,64.56
20,819,MADHUCON,EQ,201889,110312,54.64
20,820,MADRASFERT,EQ,29947,21159,70.65
20,821,MAGMA,EQ,65289,44514,68.18
20,822,MAGNUM,EQ,12,12,100.00
20,823,MAHABANK,EQ,99946,56911,56.94
20,824,MAHINDCIE,EQ,216131,148921,68.90
20,825,MAHLIFE,EQ,7693,6204,80.64
20,826,MAHSCOOTER,EQ,4833,3414,70.64
20,827,MAHSEAMLES,EQ,18502,13647,73.76
20,828,MAITHANALL,EQ,3540,2739,77.37
20,829,MAJESCO,EQ,278782,84418,30.28
20,830,MALUPAPER,EQ,961,961,100.00
20,831,MANAKALUCO,EQ,31722,24475,77.15
20,832,MANAKCOAT,EQ,14592,8592,58.88
20,833,MANAKINDST,EQ,26856,18377,68.43
20,834,MANAKSIA,EQ,4334,2240,51.68
20,835,MANAKSTEEL,EQ,12899,8761,67.92
20,836,MANALIPETC,EQ,503873,311165,61.75
20,837,MANAPPURAM,EQ,2754263,1675468,60.83
20,838,MANAPPURAM,N5,25,25,100.00
20,839,MANAPPURAM,N6,1,1,100.00
20,840,MANDHANA,EQ,17868,15092,84.46
20,841,MANGALAM,EQ,6708,6708,100.00
20,842,MANGCHEFER,EQ,20741,12823,61.82
20,843,MANGLMCEM,EQ,28661,21670,75.61
20,844,MANGTIMBER,EQ,57913,42626,73.60
20,845,MANINDS,EQ,208280,77208,37.07
20,846,MANINFRA,EQ,1212879,663888,54.74
20,847,MANPASAND,EQ,13297,8558,64.36
20,848,MANUGRAPH,EQ,51018,29662,58.14
20,849,MARALOVER,EQ,52744,37756,71.58
20,850,MARICO,EQ,2183695,1570075,71.90
20,851,MARKSANS,EQ,17586117,4295712,24.43
20,852,MARUTI,EQ,396124,192637,48.63
20,853,MASTEK,EQ,242335,80247,33.11
20,854,MAWANASUG,EQ,13905,13156,94.61
20,855,MAX,EQ,292065,179480,61.45
20,856,MAXWELL,EQ,272911,132428,48.52
20,857,MAYURUNIQ,EQ,21644,16557,76.50
20,858,MBECL,EQ,631129,479670,76.00
20,859,MBLINFRA,EQ,245883,166637,67.77
20,860,MCDHOLDING,EQ,55692,35060,62.95
20,861,MCDOWELL-N,EQ,169042,92968,55.00
20,862,MCLEODRUSS,EQ,910396,372324,40.90
20,863,MCX,EQ,205544,103038,50.13
20,864,MEGASOFT,EQ,123695,94237,76.18
20,865,MEGH,EQ,1021041,623015,61.02
20,866,MENONBE,EQ,37388,27625,73.89
20,867,MEP,EQ,1286181,648992,50.46
20,868,MERCATOR,EQ,1978369,679884,34.37
20,869,MERCK,EQ,15366,4851,31.57
20,870,METALFORGE,EQ,109975,74167,67.44
20,871,METKORE,EQ,41692,37281,89.42
20,872,MHRIL,EQ,31024,17882,57.64
20,873,MIC,EQ,1281476,684721,53.43
20,874,MICROSEC,EQ,33048,21782,65.91
20,875,MINDACORP,EQ,77264,51059,66.08
20,876,MINDAIND,EQ,11213,6098,54.38
20,877,MINDTREE,EQ,447514,175341,39.18
20,878,MIRCELECTR,EQ,227923,188449,82.68
20,879,MIRZAINT,EQ,388172,148198,38.18
20,880,MITCON,SM,2000,2000,100.00
20,881,MMFL,EQ,5359,4796,89.49
20,882,MMTC,EQ,362806,210421,58.00
20,883,MOHITIND,EQ,48015,11423,23.79
20,884,MOIL,EQ,37453,24876,66.42
20,885,MOLDTKPAC,EQ,46457,40705,87.62
20,886,MOMAI,SM,6400,6400,100.00
20,887,MONNETISPA,EQ,140187,93659,66.81
20,888,MONSANTO,EQ,6604,3433,51.98
20,889,MONTECARLO,EQ,18765,14375,76.61
20,890,MORARJEE,EQ,19509,12358,63.35
20,891,MOREPENLAB,EQ,13696124,3618069,26.42
20,892,MOSERBAER,EQ,1533466,775784,50.59
20,893,MOTHERSUMI,EQ,4131478,2381734,57.65
20,894,MOTILALOFS,EQ,64350,57547,89.43
20,895,MPHASIS,EQ,365526,342336,93.66
20,896,MPSLTD,EQ,37903,33208,87.61
20,897,MRF,EQ,4059,1574,38.78
20,898,MRO-TEK,EQ,134265,86808,64.65
20,899,MRPL,EQ,869816,323690,37.21
20,900,MSPL,EQ,6555,4478,68.31
20,901,MTEDUCARE,EQ,634297,307660,48.50
20,902,MTNL,EQ,1262960,556110,44.03
20,903,MUKANDENGG,EQ,12558,8714,69.39
20,904,MUKANDLTD,EQ,24210,18030,74.47
20,905,MUKANDLTD,P1,14,14,100.00
20,906,MUKTAARTS,EQ,198775,74700,37.58
20,907,MUNJALAU,EQ,118637,53659,45.23
20,908,MUNJALSHOW,EQ,20681,16532,79.94
20,909,MURUDCERA,EQ,118034,108925,92.28
20,910,MUTHOOTCAP,EQ,1922,538,27.99
20,911,MUTHOOTFIN,EQ,160987,141017,87.60
20,912,MUTHOOTFIN,N6,835,835,100.00
20,913,MUTHOOTFIN,N9,381,381,100.00
20,914,MUTHOOTFIN,NA,135,110,81.48
20,915,MVL,EQ,103905,84360,81.19
20,916,MYSOREBANK,EQ,2917,2247,77.03
20,917,N100,EQ,7298,4115,56.39
20,918,NAGAROIL,EQ,463153,366216,79.07
20,919,NAGREEKCAP,EQ,1,1,100.00
20,920,NAGREEKEXP,EQ,2161,1405,65.02
20,921,NAHARCAP,EQ,1337,1055,78.91
20,922,NAHARINDUS,EQ,931,900,96.67
20,923,NAHARPOLY,EQ,18950,10431,55.04
20,924,NAHARSPING,EQ,66774,45079,67.51
20,925,NATCOPHARM,EQ,361994,115998,32.04
20,926,NATHBIOGEN,EQ,50373,24366,48.37
20,927,NATIONALUM,EQ,903449,513908,56.88
20,928,NAUKRI,EQ,107740,81864,75.98
20,929,NAVINFLUOR,EQ,12521,6426,51.32
20,930,NAVKARCORP,EQ,164383,112955,68.71
20,931,NAVNETEDUL,EQ,60702,43457,71.59
20,932,NBCC,EQ,123151,49362,40.08
20,933,NBVENTURES,EQ,16082,13928,86.61
20,934,NCC,EQ,4517146,1489096,32.97
20,935,NCLIND,EQ,494962,186196,37.62
20,936,NDL,EQ,172839,40507,23.44
20,937,NDTV,EQ,182354,59289,32.51
20,938,NECLIFE,EQ,1250552,447398,35.78
20,939,NELCAST,EQ,102616,64144,62.51
20,940,NELCO,EQ,333463,107204,32.15
20,941,NESCO,EQ,2830,1932,68.27
20,942,NESTLEIND,EQ,21414,14781,69.02
20,943,NETWORK18,EQ,790916,445128,56.28
20,944,NEULANDLAB,EQ,13583,7695,56.65
20,945,NEXTMEDIA,EQ,244403,125616,51.40
20,946,NEYVELILIG,EQ,43352,20701,47.75
20,947,NFL,EQ,168575,107144,63.56
20,948,NGCT,EQ,282,282,100.00
20,949,NH,EQ,812523,511827,62.99
20,950,NHAI,N1,11836,8885,75.07
20,951,NHAI,N2,2834,2134,75.30
20,952,NHAI,N4,25,25,100.00
20,953,NHAI,N6,835,824,98.68
20,954,NHAI,N8,895,895,100.00
20,955,NHAI,NA,245124,243295,99.25
20,956,NHBTF2014,N6,375,337,89.87
20,957,NHBTF2023,N6,171,171,100.00
20,958,NHPC,EQ,4689302,1667829,35.57
20,959,NHPC,N4,25,25,100.00
20,960,NHPC,N5,300,300,100.00
20,961,NIBL,EQ,1254,1251,99.76
20,962,NIFTYBEES,EQ,81076,47449,58.52
20,963,NIFTYEES,EQ,1,1,100.00
20,964,NIITLTD,EQ,1637647,580482,35.45
20,965,NIITTECH,EQ,369101,158104,42.83
20,966,NILAINFRA,EQ,1083239,530355,48.96
20,967,NILKAMAL,EQ,460498,80926,17.57
20,968,NIPPOBATRY,EQ,3100,558,18.00
20,969,NIRVIKARA,EQ,4203,3993,95.00
20,970,NITCO,EQ,422338,193903,45.91
20,971,NITESHEST,EQ,112331,83067,73.95
20,972,NITINFIRE,EQ,445144,244736,54.98
20,973,NITINSPIN,EQ,223194,111812,50.10
20,974,NMDC,EQ,1392920,727788,52.25
20,975,NOCIL,EQ,1731117,1028158,59.39
20,976,NOIDATOLL,EQ,395011,302853,76.67
20,977,NORBTEAEXP,EQ,2241,2241,100.00
20,978,NRBBEARING,EQ,11364,8195,72.11
20,979,NSIL,EQ,54076,6554,12.12
20,980,NTPC,EQ,5912308,3944734,66.72
20,981,NTPC,N4,50,50,100.00
20,982,NTPC,N6,8,0,0.00
20,983,NTPC,N7,35133,26758,76.16
20,984,NTPC,NA,1000,1000,100.00
20,985,NTPC,NB,3,3,100.00
20,986,NTPC,ND,517,517,100.00
20,987,NUCLEUS,EQ,91459,42965,46.98
20,988,NUTEK,EQ,88306,85742,97.10
20,989,OBEROIRLTY,EQ,670833,262131,39.08
20,990,OCL,EQ,6760,5562,82.28
20,991,OFSS,EQ,18117,9493,52.40
20,992,OIL,EQ,381081,215366,56.51
20,993,OILCOUNTUB,EQ,8336,6413,76.93
20,994,OISL,EQ,41564,33334,80.20
20,995,OMAXAUTO,EQ,60796,30900,50.83
20,996,OMAXE,EQ,272198,78569,28.86
20,997,OMKARCHEM,EQ,271902,128691,47.33
20,998,OMMETALS,EQ,344924,162893,47.23
20,999,OMNITECH,EQ,1562,1561,99.94
20,1000,ONELIFECAP,EQ,215027,118722,55.21
20,1001,ONGC,EQ,3822690,2123431,55.55
20,1002,ONMOBILE,EQ,767916,272469,35.48
20,1003,ONWARDTEC,EQ,16382,10401,63.49
20,1004,OPAL,SM,2000,2000,100.00
20,1005,OPTOCIRCUI,EQ,3492710,1499008,42.92
20,1006,ORBITCORP,EQ,228191,116099,50.88
20,1007,ORBTEXP,EQ,6568,4812,73.26
20,1008,ORCHIDPHAR,EQ,618171,278301,45.02
20,1009,ORICONENT,EQ,1004442,415464,41.36
20,1010,ORIENTABRA,EQ,75182,52719,70.12
20,1011,ORIENTBANK,EQ,3878327,1441954,37.18
20,1012,ORIENTBELL,EQ,26163,16394,62.66
20,1013,ORIENTCEM,EQ,262681,222118,84.56
20,1014,ORIENTHOT,EQ,77066,50203,65.14
20,1015,ORIENTPPR,EQ,192438,160123,83.21
20,1016,ORIENTREF,EQ,10202,7924,77.67
20,1017,ORISSAMINE,EQ,992,895,90.22
20,1018,ORTEL,EQ,341,341,100.00
20,1019,ORTINLABSS,EQ,24425,18322,75.01
20,1020,OUDHSUG,EQ,51814,19495,37.62
20,1021,PAEL,EQ,8569,1740,20.31
20,1022,PAGEIND,EQ,15448,9417,60.96
20,1023,PALREDTECH,EQ,57715,47374,82.08
20,1024,PANACEABIO,EQ,15979,12250,76.66
20,1025,PANAMAPET,EQ,1119,1049,93.74
20,1026,PANORAMUNI,EQ,94624,46945,49.61
20,1027,PAPERPROD,EQ,41439,32462,78.34
20,1028,PARABDRUGS,EQ,144230,77527,53.75
20,1029,PARACABLES,EQ,38026,32025,84.22
20,1030,PARRYSUGAR,EQ,11449,6645,58.04
20,1031,PARSVNATH,EQ,206667,115505,55.89
20,1032,PATELENG,EQ,106908,55024,51.47
20,1033,PATINTLOG,EQ,86830,44047,50.73
20,1034,PATSPINLTD,EQ,4250,3200,75.29
20,1035,PBAINFRA,EQ,48676,28013,57.55
20,1036,PCJEWELLER,EQ,58030,29766,51.29
20,1037,PDPL,EQ,25812,16723,64.79
20,1038,PDSMFL,EQ,2798,2797,99.96
20,1039,PDUMJEIND,EQ,4974,2543,51.13
20,1040,PDUMJEPULP,EQ,73108,41215,56.38
20,1041,PEARLPOLY,EQ,3552,3052,85.92
20,1042,PEL,EQ,58408,43614,74.67
20,1043,PENIND,EQ,427619,235631,55.10
20,1044,PENINLAND,EQ,64212,44033,68.57
20,1045,PENPEBS,EQ,4203,3189,75.87
20,1046,PERSISTENT,EQ,46033,33499,72.77
20,1047,PETRONENGG,EQ,5076,3528,69.50
20,1048,PETRONET,EQ,1255392,587437,46.79
20,1049,PFC,EQ,3068421,1235271,40.26
20,1050,PFIZER,EQ,14650,6493,44.32
20,1051,PFOCUS,EQ,109320,90168,82.48
20,1052,PFRL,EQ,120754,97723,80.93
20,1053,PFS,EQ,1292993,761477,58.89
20,1054,PGEL,EQ,33620,15606,46.42
20,1055,PGHH,EQ,26357,22767,86.38
20,1056,PGIL,EQ,16023,9773,60.99
20,1057,PHILIPCARB,EQ,48657,26035,53.51
20,1058,PHOENIXLL,EQ,50855,39666,78.00
20,1059,PHOENIXLTD,EQ,1065,697,65.45
20,1060,PIDILITIND,EQ,539567,393228,72.88
20,1061,PIIND,EQ,78976,58364,73.90
20,1062,PILANIINVS,EQ,984,796,80.89
20,1063,PILITA,EQ,65740,43214,65.73
20,1064,PIONEEREMB,EQ,20735,17272,83.30
20,1065,PIPAVAVDOC,EQ,4348652,1126338,25.90
20,1066,PIRPHYTO,EQ,4004,4004,100.00
20,1067,PITTILAM,EQ,78149,45040,57.63
20,1068,PKTEA,EQ,80,80,100.00
20,1069,PLASTIBLEN,EQ,25153,17050,67.79
20,1070,PNB,EQ,9931003,2553056,25.71
20,1071,PNBGILTS,EQ,438243,347094,79.20
20,1072,PNC,EQ,24974,15288,61.22
20,1073,PNCINFRA,EQ,262196,140878,53.73
20,1074,PNEUMATIC,EQ,245,219,89.39
20,1075,POCHIRAJU,EQ,53682,37140,69.19
20,1076,POLARIS,EQ,458275,371725,81.11
20,1077,POLYMED,EQ,158390,150639,95.11
20,1078,POLYPLEX,EQ,18536,13097,70.66
20,1079,PONNIERODE,EQ,613,494,80.59
20,1080,POWERGRID,EQ,4168822,2709392,64.99
20,1081,POWERMECH,EQ,16210,8253,50.91
20,1082,PPAP,EQ,15254,9165,60.08
20,1083,PRABHAT,EQ,145106,109180,75.24
20,1084,PRADIP,EQ,2,1,50.00
20,1085,PRAENG,EQ,37481,26722,71.29
20,1086,PRAJIND,EQ,1436860,668000,46.49
20,1087,PRAKASH,EQ,204455,120039,58.71
20,1088,PRAKASHSTL,EQ,749,612,81.71
20,1089,PRATIBHA,EQ,376893,246175,65.32
20,1090,PRECOT,EQ,6324,4918,77.77
20,1091,PRECWIRE,EQ,26709,17937,67.16
20,1092,PREMIER,EQ,6499,3445,53.01
20,1093,PREMIERPOL,EQ,55,55,100.00
20,1094,PRESSMN,EQ,55837,35952,64.39
20,1095,PRESTIGE,EQ,137535,112254,81.62
20,1096,PRICOL,EQ,407735,201820,49.50
20,1097,PRIMESECU,EQ,77893,76043,97.62
20,1098,PRISMCEM,EQ,145967,92452,63.34
20,1099,PROVOGE,EQ,76425,53127,69.52
20,1100,PROZONINTU,EQ,222721,181576,81.53
20,1101,PSB,EQ,59507,34580,58.11
20,1102,PSL,EQ,79273,50056,63.14
20,1103,PSUBNKBEES,EQ,4638,3466,74.73
20,1104,PTC,EQ,2471378,1085183,43.91
20,1105,PTL,EQ,51865,35696,68.82
20,1106,PUNJABCHEM,EQ,4048,2346,57.95
20,1107,PUNJLLOYD,EQ,1166958,553023,47.39
20,1108,PURVA,EQ,36239,25212,69.57
20,1109,PVP,EQ,125988,100090,79.44
20,1110,PVR,EQ,42226,26982,63.90
20,1111,QGOLDHALF,EQ,1353,1083,80.04
20,1112,QNIFTY,EQ,166,157,94.58
20,1113,QUINTEGRA,EQ,17600,17600,100.00
20,1114,RADICO,EQ,517709,282523,54.57
20,1115,RAIN,EQ,208456,130843,62.77
20,1116,RAINBOWPAP,EQ,7795,6800,87.24
20,1117,RAIREKMOH,EQ,5287,3353,63.42
20,1118,RAJESHEXPO,EQ,227866,83058,36.45
20,1119,RAJRAYON,EQ,193188,56987,29.50
20,1120,RAJSREESUG,EQ,14119,9573,67.80
20,1121,RAJTV,EQ,100696,71084,70.59
20,1122,RALLIS,EQ,227095,139869,61.59
20,1123,RAMANEWS,EQ,65873,50281,76.33
20,1124,RAMASTEEL,EQ,8542,3710,43.43
20,1125,RAMCOCEM,EQ,75130,64496,85.85
20,1126,RAMCOIND,EQ,96658,52097,53.90
20,1127,RAMCOSYS,EQ,9337,6345,67.96
20,1128,RAMKY,EQ,28073,19981,71.18
20,1129,RANASUG,EQ,846695,475668,56.18
20,1130,RANEENGINE,EQ,3364,3046,90.55
20,1131,RANEHOLDIN,EQ,3719,2723,73.22
20,1132,RASOYPR,EQ,1640995,1486640,90.59
20,1133,RATNAMANI,EQ,8078,5703,70.60
20,1134,RAYMOND,EQ,277869,262566,94.49
20,1135,RBL,EQ,881,838,95.12
20,1136,RCF,EQ,551365,271043,49.16
20,1137,RCOM,EQ,17135644,1376965,8.04
20,1138,RECLTD,EQ,1476155,603728,40.90
20,1139,RECLTD,N1,35,35,100.00
20,1140,RECLTD,N2,801,801,100.00
20,1141,RECLTD,N8,60,60,100.00
20,1142,RECLTD,N9,1381,986,71.40
20,1143,RECLTD,NA,10,10,100.00
20,1144,RECLTD,NE,300,300,100.00
20,1145,REDINGTON,EQ,297468,232239,78.07
20,1146,REFEX,EQ,47729,29726,62.28
20,1147,REIAGROLTD,EQ,1295273,790358,61.02
20,1148,REISIXTEN,EQ,101,101,100.00
20,1149,RELAXO,EQ,23415,14888,63.58
20,1150,RELBANK,EQ,35,28,80.00
20,1151,RELCAPITAL,EQ,5952538,1062191,17.84
20,1152,RELCNX100,EQ,107,105,98.13
20,1153,RELGOLD,EQ,3470,2295,66.14
20,1154,RELIANCE,EQ,6229959,3348625,53.75
20,1155,RELIFIN,N3,50,50,100.00
20,1156,RELIFIN,N4,15,10,66.67
20,1157,RELIFIN,N6,10,10,100.00
20,1158,RELIFIN,N8,130,100,76.92
20,1159,RELIGARE,EQ,9866,7126,72.23
20,1160,RELIGAREGO,EQ,17,11,64.71
20,1161,RELINFRA,EQ,7328283,457521,6.24
20,1162,RELNIFTY,EQ,1555,1555,100.00
20,1163,RELNV20,EQ,5,3,60.00
20,1164,REMSONSIND,EQ,376,270,71.81
20,1165,RENUKA,EQ,7072057,1877831,26.55
20,1166,REPCOHOME,EQ,102524,75742,73.88
20,1167,REPRO,EQ,4506,3176,70.48
20,1168,RESPONIND,EQ,676,367,54.29
20,1169,REVATHI,EQ,2941,2877,97.82
20,1170,RICOAUTO,EQ,268672,168851,62.85
20,1171,RIIL,EQ,829704,101939,12.29
20,1172,RJL,EQ,55143,37883,68.70
20,1173,RKDL,EQ,7611,7570,99.46
20,1174,RKFORGE,EQ,95891,77624,80.95
20,1175,RMCL,EQ,417873,271534,64.98
20,1176,RML,EQ,1076,1013,94.14
20,1177,RMMIL,EQ,6950,6950,100.00
20,1178,ROHITFERRO,EQ,62865,41952,66.73
20,1179,ROHLTD,EQ,162617,91778,56.44
20,1180,ROLTA,EQ,489132,200412,40.97
20,1181,ROSSELLIND,EQ,26111,16560,63.42
20,1182,RPGLIFE,EQ,45150,25601,56.70
20,1183,RPOWER,EQ,10266093,1519432,14.80
20,1184,RPPINFRA,EQ,186109,103397,55.56
20,1185,RSSOFTWARE,EQ,154347,90611,58.71
20,1186,RSWM,EQ,27445,18315,66.73
20,1187,RSYSTEMS,EQ,30795,17388,56.46
20,1188,RTNINFRA,EQ,11283623,8555862,75.83
20,1189,RTNPOWER,EQ,2667575,1515892,56.83
20,1190,RUBYMILLS,EQ,23689,12374,52.24
20,1191,RUCHIRA,EQ,225018,138592,61.59
20,1192,RUCHISOYA,EQ,144108,111905,77.65
20,1193,RUPA,EQ,8074,6060,75.06
20,1194,RUSHIL,EQ,214028,80343,37.54
20,1195,SABTN,EQ,13926,1619,11.63
20,1196,SADBHAV,EQ,107672,83506,77.56
20,1197,SADBHIN,EQ,8620,5702,66.15
20,1198,SAGCEM,EQ,4386,2679,61.08
20,1199,SAIL,EQ,4875465,1113197,22.83
20,1200,SAKHTISUG,EQ,502735,191498,38.09
20,1201,SAKSOFT,EQ,224,224,100.00
20,1202,SAKUMA,EQ,108510,48098,44.33
20,1203,SALORAINTL,EQ,2162,1112,51.43
20,1204,SALSTEEL,EQ,46146,19793,42.89
20,1205,SALZERELEC,EQ,39172,23951,61.14
20,1206,SANCO,SM,200000,200000,100.00
20,1207,SANDESH,EQ,8536,5506,64.50
20,1208,SANGAMIND,EQ,122775,49572,40.38
20,1209,SANGHIIND,EQ,73437,50309,68.51
20,1210,SANGHVIFOR,EQ,14985,4322,28.84
20,1211,SANGHVIMOV,EQ,14440,9408,65.15
20,1212,SANOFI,EQ,10870,8519,78.37
20,1213,SANWARIA,EQ,230687,200652,86.98
20,1214,SARDAEN,EQ,34208,15391,44.99
20,1215,SAREGAMA,EQ,42075,20090,47.75
20,1216,SARLAPOLY,EQ,70795,39307,55.52
20,1217,SASKEN,EQ,44375,27695,62.41
20,1218,SATHAISPAT,EQ,8472,7191,84.88
20,1219,SATIN,EQ,13462,9455,70.23
20,1220,SBBJ,EQ,8734,7068,80.93
20,1221,SBIN,EQ,35653244,12666569,35.53
20,1222,SBIN,N3,156,144,92.31
20,1223,SBIN,N5,566,491,86.75
20,1224,SBT,EQ,13523,10790,79.79
20,1225,SCHNEIDER,EQ,131801,77595,58.87
20,1226,SCI,EQ,894044,389449,43.56
20,1227,SDBL,EQ,983,558,56.77
20,1228,SEAMECLTD,EQ,16828,12425,73.84
20,1229,SEINV,EQ,580,305,52.59
20,1230,SELAN,EQ,126097,105179,83.41
20,1231,SELMCL,EQ,535722,250261,46.71
20,1232,SEPOWER,EQ,58625,36174,61.70
20,1233,SERVALL,EQ,7844,7842,99.97
20,1234,SESHAPAPER,EQ,113,75,66.37
20,1235,SETFGOLD,EQ,5396,3419,63.36
20,1236,SETFNIF50,EQ,153579,153118,99.70
20,1237,SETFNIFBK,EQ,357,207,57.98
20,1238,SETFNN50,EQ,100,99,99.00
20,1239,SEZAL,EQ,4710,4710,100.00
20,1240,SFCL,EQ,16378,12468,76.13
20,1241,SGJHL,EQ,31942,23747,74.34
20,1242,SGL,EQ,1,1,100.00
20,1243,SHAHALLOYS,EQ,1181,1181,100.00
20,1244,SHAKTIPUMP,EQ,22040,10755,48.80
20,1245,SHALPAINTS,EQ,35686,25000,70.06
20,1246,SHANTIGEAR,EQ,29309,20339,69.40
20,1247,SHARDACROP,EQ,38019,28044,73.76
20,1248,SHARDAMOTR,EQ,2755,639,23.19
20,1249,SHARONBIO,EQ,964596,498273,51.66
20,1250,SHEMAROO,EQ,97465,52795,54.17
20,1251,SHILPAMED,EQ,37515,23472,62.57
20,1252,SHILPI,EQ,110892,69244,62.44
20,1253,SHIRPUR-G,EQ,3710,3217,86.71
20,1254,SHIVAMAUTO,EQ,45254,33679,74.42
20,1255,SHIVTEX,EQ,37472,16002,42.70
20,1256,SHK,EQ,367262,174239,47.44
20,1257,SHOPERSTOP,EQ,8398,4105,48.88
20,1258,SHREECEM,EQ,11279,9158,81.20
20,1259,SHREEPUSHK,EQ,131007,65956,50.35
20,1260,SHRENUJ,EQ,130189,65831,50.57
20,1261,SHREYANIND,EQ,1140,1100,96.49
20,1262,SHREYAS,EQ,49694,34011,68.44
20,1263,SHRIASTER,EQ,5,5,100.00
20,1264,SHRIRAMCIT,EQ,18241,13527,74.16
20,1265,SHRIRAMCIT,N8,60,60,100.00
20,1266,SHRIRAMCIT,NA,55,55,100.00
20,1267,SHRIRAMCIT,NB,10,10,100.00
20,1268,SHRIRAMCIT,ND,85,85,100.00
20,1269,SHRIRAMCIT,NG,175,135,77.14
20,1270,SHRIRAMEPC,EQ,79219,37990,47.96
20,1271,SHYAMCENT,EQ,10775,7775,72.16
20,1272,SHYAMTEL,EQ,12827,6669,51.99
20,1273,SICAGEN,EQ,92141,67121,72.85
20,1274,SICAL,EQ,91248,23595,25.86
20,1275,SIEMENS,EQ,221933,77520,34.93
20,1276,SIGNET,EQ,394368,121226,30.74
20,1277,SIIL,SM,4000,2000,50.00
20,1278,SILINV,EQ,232,228,98.28
20,1279,SIMPLEX,EQ,9391,4168,44.38
20,1280,SIMPLEXINF,EQ,17809,12257,68.82
20,1281,SINTEX,EQ,4793016,2387657,49.82
20,1282,SITICABLE,EQ,523228,385007,73.58
20,1283,SIYSIL,EQ,1250,1199,95.92
20,1284,SJVN,EQ,922793,644124,69.80
20,1285,SKFINDIA,EQ,2550,2326,91.22
20,1286,SKIL,EQ,81779,68267,83.48
20,1287,SKIPPER,EQ,310984,148895,47.88
20,1288,SKMEGGPROD,EQ,144515,93561,64.74
20,1289,SKSMICRO,EQ,1297028,549038,42.33
20,1290,SMARTLINK,EQ,44372,26994,60.84
20,1291,SMLISUZU,EQ,41873,16750,40.00
20,1292,SMPL,EQ,351122,275519,78.47
20,1293,SMSPHARMA,EQ,327128,214812,65.67
20,1294,SNOWMAN,EQ,696212,403550,57.96
20,1295,SOBHA,EQ,37465,22343,59.64
20,1296,SOLARINDS,EQ,6279,4754,75.71
20,1297,SOMANYCERA,EQ,32843,29576,90.05
20,1298,SOMATEX,EQ,9215,6214,67.43
20,1299,SONASTEER,EQ,146479,116986,79.87
20,1300,SONATSOFTW,EQ,179115,102539,57.25
20,1301,SOTL,EQ,5121,4606,89.94
20,1302,SOUTHBANK,EQ,3738430,1181572,31.61
20,1303,SPARC,EQ,374165,170535,45.58
20,1304,SPECIALITY,EQ,23714,10106,42.62
20,1305,SPENTEX,EQ,3560,3560,100.00
20,1306,SPHEREGSL,EQ,17871,2611,14.61
20,1307,SPIC,EQ,257179,148854,57.88
20,1308,SPICEMOBI,EQ,38328,22143,57.77
20,1309,SPLIL,EQ,53770,33924,63.09
20,1310,SPMLINFRA,EQ,21093,9816,46.54
20,1311,SPYL,EQ,41040,41040,100.00
20,1312,SQSBFSI,EQ,26552,14974,56.39
20,1313,SREIBNPNCD,N3,20,10,50.00
20,1314,SREINFRA,EQ,2821516,863694,30.61
20,1315,SREINFRA,NE,10,10,100.00
20,1316,SREINFRA,NJ,5,5,100.00
20,1317,SREINFRA,NM,26,26,100.00
20,1318,SREINFRA,NO,70,70,100.00
20,1319,SREINFRA,NP,10,10,100.00
20,1320,SREINFRA,NU,5,5,100.00
20,1321,SRF,EQ,238159,87301,36.66
20,1322,SRHHYPOLTD,EQ,1951,1227,62.89
20,1323,SRIPIPES,EQ,196690,80961,41.16
20,1324,SRSLTD,EQ,1210728,546594,45.15
20,1325,SRTRANSFIN,EQ,488355,222367,45.53
20,1326,SRTRANSFIN,N9,20,20,100.00
20,1327,SRTRANSFIN,NF,60,60,100.00
20,1328,SRTRANSFIN,NL,75,75,100.00
20,1329,SRTRANSFIN,NN,50,50,100.00
20,1330,SRTRANSFIN,NU,300,300,100.00
20,1331,SRTRANSFIN,NV,920,820,89.13
20,1332,SRTRANSFIN,NW,165,165,100.00
20,1333,SRTRANSFIN,NX,189,100,52.91
20,1334,SRTRANSFIN,NZ,171,156,91.23
20,1335,SRTRANSFIN,Y1,100,100,100.00
20,1336,SRTRANSFIN,Y2,30,30,100.00
20,1337,SRTRANSFIN,Y5,650,650,100.00
20,1338,SRTRANSFIN,Y7,94,94,100.00
20,1339,SRTRANSFIN,Y9,115,65,56.52
20,1340,SRTRANSFIN,YA,101,101,100.00
20,1341,SRTRANSFIN,YB,10,10,100.00
20,1342,SRTRANSFIN,YD,10,10,100.00
20,1343,SRTRANSFIN,YG,468,360,76.92
20,1344,SSWL,EQ,361004,91057,25.22
20,1345,STAN,DR,34713,27639,79.62
20,1346,STAR,EQ,578139,112846,19.52
20,1347,STARPAPER,EQ,34701,23564,67.91
20,1348,STCINDIA,EQ,50941,21851,42.89
20,1349,STEL,EQ,9410,7398,78.62
20,1350,STERLINBIO,EQ,524380,365551,69.71
20,1351,STERTOOLS,EQ,3505,2790,79.60
20,1352,STOREONE,EQ,55462,33355,60.14
20,1353,STRTECH,EQ,741207,375234,50.62
20,1354,STYABS,EQ,11369,7789,68.51
20,1355,SUBEX,EQ,13826243,5780799,41.81
20,1356,SUBROS,EQ,144420,73459,50.86
20,1357,SUDAR,EQ,14724,14524,98.64
20,1358,SUDARSCHEM,EQ,77721,43861,56.43
20,1359,SUJANATWR,EQ,117515,83264,70.85
20,1360,SUJANAUNI,EQ,470358,306683,65.20
20,1361,SUMEETINDS,EQ,862590,488722,56.66
20,1362,SUMMITSEC,EQ,11975,7043,58.81
20,1363,SUNCLAYLTD,EQ,1266,924,72.99
20,1364,SUNDARAM,EQ,438366,230444,52.57
20,1365,SUNDARMFIN,EQ,26160,21077,80.57
20,1366,SUNDRMBRAK,EQ,2225,1287,57.84
20,1367,SUNDRMFAST,EQ,69105,31726,45.91
20,1368,SUNFLAG,EQ,38327,30692,80.08
20,1369,SUNILHITEC,EQ,61826,35707,57.75
20,1370,SUNPHARMA,EQ,4202772,2779870,66.14
20,1371,SUNTECK,EQ,29056,6513,22.42
20,1372,SUNTV,EQ,624698,158040,25.30
20,1373,SUPERHOUSE,EQ,6508,4481,68.85
20,1374,SUPERSPIN,EQ,38683,20620,53.31
20,1375,SUPPETRO,EQ,92965,80439,86.53
20,1376,SUPRAJIT,EQ,31273,21390,68.40
20,1377,SUPREMEIND,EQ,14880,9621,64.66
20,1378,SUPREMEINF,EQ,10151,8250,81.27
20,1379,SUPREMETEX,EQ,8235,8235,100.00
20,1380,SURANAIND,EQ,45870,24692,53.83
20,1381,SURANASOL,EQ,102440,82945,80.97
20,1382,SURANAT&P,EQ,37676,31068,82.46
20,1383,SURYAJYOTI,EQ,24152,17062,70.64
20,1384,SURYALAXMI,EQ,22306,15799,70.83
20,1385,SURYAROSNI,EQ,329732,116335,35.28
20,1386,SUTLEJTEX,EQ,37192,33927,91.22
20,1387,SUVEN,EQ,517287,288013,55.68
20,1388,SUZLON,EQ,34854107,12530224,35.95
20,1389,SVOGL,EQ,36223,29116,80.38
20,1390,SWANENERGY,EQ,295172,16197,5.49
20,1391,SWARAJENG,EQ,11669,9288,79.60
20,1392,SWELECTES,EQ,3640,2809,77.17
20,1393,SYMPHONY,EQ,8034,4427,55.10
20,1394,SYNCOM,EQ,16203,15203,93.83
20,1395,SYNDIBANK,EQ,1981023,610751,30.83
20,1396,SYNGENE,EQ,150226,103753,69.06
20,1397,TAINWALCHM,EQ,607,602,99.18
20,1398,TAJGVK,EQ,28692,15198,52.97
20,1399,TAKE,EQ,370182,161252,43.56
20,1400,TALBROAUTO,EQ,45937,34939,76.06
20,1401,TALWALKARS,EQ,59526,31177,52.38
20,1402,TANLA,EQ,2031355,795914,39.18
20,1403,TANTIACONS,EQ,5412,4010,74.09
20,1404,TARAJEWELS,EQ,141852,74630,52.61
20,1405,TARAPUR,EQ,32696,22870,69.95
20,1406,TATACHEM,EQ,550994,293272,53.23
20,1407,TATACOFFEE,EQ,388798,156047,40.14
20,1408,TATACOMM,EQ,513238,189811,36.98
20,1409,TATAELXSI,EQ,687920,189362,27.53
20,1410,TATAGLOBAL,EQ,2065711,800366,38.75
20,1411,TATAINVEST,EQ,5579,3810,68.29
20,1412,TATAMETALI,EQ,79229,26387,33.30
20,1413,TATAMOTORS,EQ,6285144,2753872,43.82
20,1414,TATAMTRDVR,EQ,1343187,546246,40.67
20,1415,TATAPOWER,EQ,2870369,1059954,36.93
20,1416,TATASPONGE,EQ,172407,47029,27.28
20,1417,TATASTEEL,EQ,8417421,1926158,22.88
20,1418,TBZ,EQ,72319,53818,74.42
20,1419,TCFSL,N7,11,10,90.91
20,1420,TCFSL,N9,50,50,100.00
20,1421,TCI,EQ,65362,38079,58.26
20,1422,TCIDEVELOP,EQ,521,496,95.20
20,1423,TCIFINANCE,EQ,6832,4034,59.05
20,1424,TCS,EQ,1106961,824382,74.47
20,1425,TDPOWERSYS,EQ,11874,6299,53.05
20,1426,TECHIN,EQ,2900,2501,86.24
20,1427,TECHM,EQ,1035936,566568,54.69
20,1428,TECHNO,EQ,6079,4330,71.23
20,1429,TECHNOFAB,EQ,6064,4810,79.32
20,1430,TEXINFRA,EQ,134032,83223,62.09
20,1431,TEXMOPIPES,EQ,13665,13664,99.99
20,1432,TEXRAIL,EQ,416745,164503,39.47
20,1433,TFCILTD,EQ,634421,359719,56.70
20,1434,TFL,EQ,585,585,100.00
20,1435,TGBHOTELS,EQ,205230,157566,76.78
20,1436,THANGAMAYL,EQ,10,10,100.00
20,1437,THEJO,SM,600,600,100.00
20,1438,THERMAX,EQ,181533,171439,94.44
20,1439,THIRUSUGAR,EQ,10028,8758,87.34
20,1440,THOMASCOOK,EQ,333737,294205,88.15
20,1441,TI,EQ,469632,300189,63.92
20,1442,TIDEWATER,EQ,4580,1353,29.54
20,1443,TIIL,EQ,21687,17602,81.16
20,1444,TIJARIA,EQ,32769,29013,88.54
20,1445,TIL,EQ,57114,30776,53.89
20,1446,TIMETECHNO,EQ,159887,85835,53.68
20,1447,TIMKEN,EQ,9205,6286,68.29
20,1448,TINPLATE,EQ,1207417,220044,18.22
20,1449,TIPSINDLTD,EQ,16978,16140,95.06
20,1450,TIRUMALCHM,EQ,12718,7979,62.74
20,1451,TITAN,EQ,2640407,1946193,73.71
20,1452,TNPETRO,EQ,132624,108374,81.72
20,1453,TNPL,EQ,236666,136793,57.80
20,1454,TODAYS,EQ,750,750,100.00
20,1455,TOKYOPLAST,EQ,39467,30933,78.38
20,1456,TORNTPHARM,EQ,219038,104844,47.87
20,1457,TORNTPOWER,EQ,1481849,481106,32.47
20,1458,TPLPLASTEH,EQ,1320,822,62.27
20,1459,TREEHOUSE,EQ,94769,55476,58.54
20,1460,TRENT,EQ,6712,2465,36.73
20,1461,TRF,EQ,126308,37585,29.76
20,1462,TRICOM,EQ,9330,6950,74.49
20,1463,TRIDENT,EQ,739448,308606,41.73
20,1464,TRIGYN,EQ,254563,120936,47.51
20,1465,TRIL,EQ,19703,14486,73.52
20,1466,TRITURBINE,EQ,133792,96632,72.23
20,1467,TRIVENI,EQ,2967986,1141908,38.47
20,1468,TTKHLTCARE,EQ,122,82,67.21
20,1469,TTKPRESTIG,EQ,66991,14939,22.30
20,1470,TTL,EQ,13286,8758,65.92
20,1471,TTML,EQ,1394477,855209,61.33
20,1472,TUBEINVEST,EQ,31314,18376,58.68
20,1473,TULSI,EQ,4000,4000,100.00
20,1474,TV18BRDCST,EQ,16381218,5809385,35.46
20,1475,TVSELECT,EQ,627070,163370,26.05
20,1476,TVSMOTOR,EQ,1930661,718249,37.20
20,1477,TVSSRICHAK,EQ,14234,8494,59.67
20,1478,TVTODAY,EQ,258731,90330,34.91
20,1479,TWL,EQ,2550083,889522,34.88
20,1480,UBHOLDINGS,EQ,234432,114521,48.85
20,1481,UBL,EQ,180983,36462,20.15
20,1482,UCALFUEL,EQ,72490,35823,49.42
20,1483,UCOBANK,EQ,2709818,545340,20.12
20,1484,UFLEX,EQ,210714,93009,44.14
20,1485,UFO,EQ,13793,11541,83.67
20,1486,UJAAS,EQ,916254,517020,56.43
20,1487,ULTRACEMCO,EQ,239244,148475,62.06
20,1488,UMANGDAIRY,EQ,10418,8934,85.76
20,1489,UNICHEMLAB,EQ,123680,88690,71.71
20,1490,UNIENTER,EQ,17880,16818,94.06
20,1491,UNIONBANK,EQ,5670619,1454629,25.65
20,1492,UNIPLY,EQ,66275,38516,58.12
20,1493,UNITECH,EQ,39158077,12192826,31.14
20,1494,UNITEDBNK,EQ,313750,192587,61.38
20,1495,UNITEDTEA,EQ,443,350,79.01
20,1496,UNITY,EQ,67807,48759,71.91
20,1497,UPERGANGES,EQ,8560,4828,56.40
20,1498,UPL,EQ,951035,399094,41.96
20,1499,USHAMART,EQ,416375,249792,59.99
20,1500,USHERAGRO,EQ,48901,32922,67.32
20,1501,UTINIFTETF,EQ,350,231,66.00
20,1502,UTISENSETF,EQ,274,274,100.00
20,1503,UTTAMSTL,EQ,158925,81079,51.02
20,1504,UTTAMSUGAR,EQ,53036,24013,45.28
20,1505,UTTAMVALUE,EQ,92236,49933,54.14
20,1506,V2RETAIL,EQ,111558,68971,61.83
20,1507,VADILALIND,EQ,23646,14449,61.11
20,1508,VAIBHAVGBL,EQ,5018,2778,55.36
20,1509,VAKRANGEE,EQ,1421139,772882,54.38
20,1510,VALECHAENG,EQ,83773,45377,54.17
20,1511,VALUEIND,EQ,60423,40792,67.51
20,1512,VARDHACRLC,EQ,184514,131875,71.47
20,1513,VARDMNPOLY,EQ,7170,5184,72.30
20,1514,VASCONEQ,EQ,736642,417597,56.69
20,1515,VASWANI,EQ,3622,3622,100.00
20,1516,VEDL,EQ,18767695,4071951,21.70
20,1517,VENKEYS,EQ,8820,5998,68.00
20,1518,VENUSREM,EQ,57420,27437,47.78
20,1519,VESUVIUS,EQ,7914,7744,97.85
20,1520,VETO,EQ,1087254,228620,21.03
20,1521,VGUARD,EQ,16651,15548,93.38
20,1522,VHL,EQ,74,74,100.00
20,1523,VICEROY,EQ,117917,56451,47.87
20,1524,VIDEOIND,EQ,254778,101158,39.70
20,1525,VIJAYABANK,EQ,333208,169515,50.87
20,1526,VIJSHAN,EQ,18438,13516,73.31
20,1527,VIKASECO,EQ,875227,522982,59.75
20,1528,VIMALOIL,EQ,13932,8738,62.72
20,1529,VIMTALABS,EQ,84720,42227,49.84
20,1530,VINATIORGA,EQ,69195,36851,53.26
20,1531,VINDHYATEL,EQ,18475,16366,88.58
20,1532,VINYLINDIA,EQ,52893,34886,65.96
20,1533,VIPIND,EQ,351452,193049,54.93
20,1534,VIPULLTD,EQ,200310,200310,100.00
20,1535,VISAKAIND,EQ,41073,32714,79.65
20,1536,VISASTEEL,EQ,10316,7725,74.88
20,1537,VISESHINFO,EQ,1102524,853362,77.40
20,1538,VISHNU,EQ,19602,9507,48.50
20,1539,VIVIDHA,EQ,363347,122014,33.58
20,1540,VIVIMEDLAB,EQ,72305,36809,50.91
20,1541,VKSPL,EQ,106002,103502,97.64
20,1542,VLSFINANCE,EQ,42134,30305,71.93
20,1543,VMART,EQ,11791,8336,70.70
20,1544,VOLTAMP,EQ,14968,7822,52.26
20,1545,VOLTAS,EQ,1576868,771378,48.92
20,1546,VRLLOG,EQ,323251,284944,88.15
20,1547,VSSL,EQ,9394,8687,92.47
20,1548,VSTIND,EQ,1234,728,59.00
20,1549,VSTTILLERS,EQ,2819,2304,81.73
20,1550,VTL,EQ,48539,31122,64.12
20,1551,WABAG,EQ,139479,116735,83.69
20,1552,WABCOINDIA,EQ,5687,3669,64.52
20,1553,WALCHANNAG,EQ,242925,89629,36.90
20,1554,WEBELSOLAR,EQ,5955,5954,99.98
20,1555,WEIZFOREX,EQ,856,662,77.34
20,1556,WEIZMANIND,EQ,18311,16372,89.41
20,1557,WELCORP,EQ,354803,145497,41.01
20,1558,WELENT,EQ,79920,59572,74.54
20,1559,WELINV,EQ,5827,4543,77.96
20,1560,WELSPUNIND,EQ,235964,157068,66.56
20,1561,WELSYNTEX,EQ,86802,57615,66.38
20,1562,WENDT,EQ,508,482,94.88
20,1563,WHEELS,EQ,3408,1568,46.01
20,1564,WHIRLPOOL,EQ,39763,30088,75.67
20,1565,WILLAMAGOR,EQ,13528,10906,80.62
20,1566,WINDMACHIN,EQ,39519,24499,61.99
20,1567,WINSOME,EQ,75125,75125,100.00
20,1568,WIPRO,EQ,1693486,534083,31.54
20,1569,WOCKPHARMA,EQ,3671757,456002,12.42
20,1570,WONDERLA,EQ,67319,41722,61.98
20,1571,WSI,EQ,1520,1050,69.08
20,1572,WSTCSTPAPR,EQ,96994,49126,50.65
20,1573,XCHANGING,EQ,38181,22659,59.35
20,1574,XLENERGY,EQ,50,25,50.00
20,1575,XPROINDIA,EQ,17238,11125,64.54
20,1576,YESBANK,EQ,3781163,1592302,42.11
20,1577,ZANDUREALT,EQ,60660,4694,7.74
20,1578,ZEEL,EQ,2733395,1323231,48.41
20,1579,ZEEL,P1,15414,15414,100.00
20,1580,ZEELEARN,EQ,129663,77195,59.54
20,1581,ZEEMEDIA,EQ,921523,510844,55.43
20,1582,ZENITHBIR,EQ,13915,13915,100.00
20,1583,ZENITHEXPO,EQ,270,270,100.00
20,1584,ZENSARTECH,EQ,45231,23200,51.29
20,1585,ZENTEC,EQ,215360,103722,48.16
20,1586,ZICOM,EQ,144664,87209,60.28
20,1587,ZODIACLOTH,EQ,517,185,35.78
20,1588,ZODJRDMKJ,EQ,249,246,98.80
20,1589,ZUARI,EQ,14970,9318,62.24
20,1590,ZUARIGLOB,EQ,28565,19120,66.94
20,1591,ZYDUSWELL,EQ,8746,5843,66.81
20,1592,ZYLOG,EQ,511444,403488,78.89
