Date,Symbol,Underlying Close Price (A),Underlying Previous Day Close Price (B),Underlying Log Returns (C) = LN(A/B),Previous Day Underlying Volatility (D),Current Day Underlying Daily Volatility (E) = Sqrt(0.94*D*D + 0.06*C*C),Underlying Annualised Volatility (F) = E*Sqrt(365)
09-DEC-2014,20MICRONS,30.20,30.25,-0.0017,0.0092,0.0089,0.1700
09-DEC-2014,3IINFOTECH,7.85,8.15,-0.0375,0.0375,0.0375,0.7164
09-DEC-2014,3MINDIA,6377.15,6602.95,-0.0348,0.0161,0.0178,0.3401
09-DEC-2014,8KMILES,620.35,659.80,-0.0617,0.0506,0.0513,0.9801
09-DEC-2014,A2ZMES,18.80,19.00,-0.0106,0.0343,0.0334,0.6381
09-DEC-2014,AARTIDRUGS,797.75,807.15,-0.0117,0.0201,0.0197,0.3764
09-DEC-2014,AARTIIND,292.20,297.85,-0.0192,0.0224,0.0222,0.4241
09-DEC-2014,AARVEEDEN,45.25,47.25,-0.0432,0.0427,0.0427,0.8158
09-DEC-2014,ABAN,505.85,529.75,-0.0462,0.0255,0.0272,0.5197
09-DEC-2014,ABB,1226.65,1265.50,-0.0312,0.0343,0.0341,0.6515
09-DEC-2014,ABBOTINDIA,3508.65,3584.70,-0.0214,0.0208,0.0208,0.3974
09-DEC-2014,ABCIL,223.30,234.00,-0.0468,0.0286,0.0300,0.5731
09-DEC-2014,ABGSHIP,219.60,226.15,-0.0294,0.0210,0.0216,0.4127
09-DEC-2014,ABHISHEK,4.50,4.50,0.0000,0.0016,0.0016,0.0306
09-DEC-2014,ABIRLANUVO,1720.70,1763.30,-0.0245,0.0160,0.0166,0.3171
09-DEC-2014,ACC,1430.60,1478.15,-0.0327,0.0120,0.0141,0.2694
09-DEC-2014,ACCELYA,926.45,958.60,-0.0341,0.0222,0.0231,0.4413
09-DEC-2014,ACE,37.45,39.25,-0.0469,0.0413,0.0417,0.7967
09-DEC-2014,ACROPETAL,3.80,3.95,-0.0387,0.0415,0.0413,0.7890
09-DEC-2014,ADANIENT,442.55,452.95,-0.0232,0.0164,0.0169,0.3229
09-DEC-2014,ADANIPORTS,269.20,276.80,-0.0278,0.0187,0.0194,0.3706
09-DEC-2014,ADANIPOWER,43.60,44.85,-0.0283,0.0219,0.0223,0.4260
09-DEC-2014,ADFFOODS,67.35,70.80,-0.0500,0.0387,0.0395,0.7546
09-DEC-2014,ADHUNIK,24.75,25.35,-0.0240,0.0334,0.0329,0.6286
09-DEC-2014,ADORWELD,212.35,215.55,-0.0150,0.0168,0.0167,0.3191
09-DEC-2014,ADSL,20.70,21.50,-0.0379,0.0418,0.0416,0.7948
09-DEC-2014,ADVANIHOTR,69.00,69.00,0.0000,0.0176,0.0171,0.3267
09-DEC-2014,ADVANTA,360.90,367.90,-0.0192,0.0226,0.0224,0.4280
09-DEC-2014,AEGISCHEM,425.80,447.95,-0.0507,0.0353,0.0364,0.6954
09-DEC-2014,AFL,107.55,113.20,-0.0512,0.0425,0.0431,0.8234
09-DEC-2014,AFTEK,5.50,5.25,0.0465,0.0353,0.0361,0.6897
09-DEC-2014,AGARIND,104.50,104.15,0.0034,0.0336,0.0326,0.6228
09-DEC-2014,AGCNET,89.10,89.45,-0.0039,0.0424,0.0411,0.7852
09-DEC-2014,AGRITECH,7.50,7.25,0.0339,0.0360,0.0359,0.6859
09-DEC-2014,AGRODUTCH,5.65,5.40,0.0453,0.0823,0.0806,1.5399
09-DEC-2014,AHLEAST,181.00,185.00,-0.0219,0.0249,0.0247,0.4719
09-DEC-2014,AHLUCONT,205.95,218.35,-0.0585,0.0428,0.0439,0.8387
09-DEC-2014,AHLWEST,131.95,137.95,-0.0445,0.0378,0.0382,0.7298
09-DEC-2014,AHMEDFORGE,386.90,397.25,-0.0264,0.0380,0.0374,0.7145
09-DEC-2014,AIAENG,1053.20,1076.25,-0.0216,0.0290,0.0286,0.5464
09-DEC-2014,AICHAMP,16.20,16.95,-0.0453,0.0232,0.0251,0.4795
09-DEC-2014,AIL,602.35,619.80,-0.0286,0.0231,0.0235,0.4490
09-DEC-2014,AJANTPHARM,2508.50,2506.65,0.0007,0.0281,0.0272,0.5197
09-DEC-2014,AJMERA,106.25,109.95,-0.0342,0.0365,0.0364,0.6954
09-DEC-2014,AKSHOPTFBR,16.20,16.80,-0.0364,0.0309,0.0313,0.5980
09-DEC-2014,AKZOINDIA,1388.20,1366.20,0.0160,0.0192,0.0190,0.3630
09-DEC-2014,ALBK,125.45,129.00,-0.0279,0.0292,0.0291,0.5560
09-DEC-2014,ALCHEM,33.90,35.15,-0.0362,0.0256,0.0264,0.5044
09-DEC-2014,ALEMBICLTD,42.90,44.30,-0.0321,0.0369,0.0366,0.6992
09-DEC-2014,ALICON,306.50,322.40,-0.0506,0.0584,0.0580,1.1081
09-DEC-2014,ALKALI,21.20,21.85,-0.0302,0.0285,0.0286,0.5464
09-DEC-2014,ALKYLAMINE,380.70,376.35,0.0115,0.0246,0.0240,0.4585
09-DEC-2014,ALLCARGO,303.70,304.70,-0.0033,0.0363,0.0352,0.6725
09-DEC-2014,ALLSEC,28.25,29.40,-0.0399,0.0441,0.0439,0.8387
09-DEC-2014,ALMONDZ,15.40,15.00,0.0263,0.0663,0.0646,1.2342
09-DEC-2014,ALOKTEXT,10.95,11.15,-0.0181,0.0413,0.0403,0.7699
09-DEC-2014,ALPA,14.70,15.45,-0.0498,0.0341,0.0352,0.6725
09-DEC-2014,ALPHAGEO,477.40,484.15,-0.0140,0.0354,0.0345,0.6591
09-DEC-2014,ALPINEHOU,23.00,23.00,0.0000,0.0152,0.0147,0.2808
09-DEC-2014,ALPSINDUS,1.70,1.65,0.0299,0.0625,0.0610,1.1654
09-DEC-2014,ALSTOMT&D,438.60,433.20,0.0124,0.0258,0.0252,0.4814
09-DEC-2014,AMARAJABAT,728.50,733.45,-0.0068,0.0277,0.0269,0.5139
09-DEC-2014,AMARJOTHI,74.80,73.55,0.0169,0.0237,0.0233,0.4451
09-DEC-2014,AMBIKCO,524.30,535.05,-0.0203,0.0270,0.0266,0.5082
09-DEC-2014,AMBUJACEM,225.85,231.50,-0.0247,0.0153,0.0160,0.3057
09-DEC-2014,AMDIND,23.60,24.00,-0.0168,0.0413,0.0403,0.7699
09-DEC-2014,AMLSTEEL,7.00,7.00,0.0000,0.0271,0.0263,0.5025
09-DEC-2014,AMRUTANJAN,487.75,509.05,-0.0427,0.0547,0.0541,1.0336
09-DEC-2014,AMTEKAUTO,209.95,202.95,0.0339,0.0370,0.0368,0.7031
09-DEC-2014,AMTEKINDIA,76.35,79.20,-0.0366,0.0256,0.0264,0.5044
09-DEC-2014,AMTL,13.80,14.00,-0.0144,0.0435,0.0423,0.8081
09-DEC-2014,ANANTRAJ,49.40,50.80,-0.0279,0.0338,0.0335,0.6400
09-DEC-2014,ANDHRABANK,84.40,87.10,-0.0315,0.0284,0.0286,0.5464
09-DEC-2014,ANDHRACEMT,11.25,11.35,-0.0088,0.0489,0.0475,0.9075
09-DEC-2014,ANDHRSUGAR,118.55,120.55,-0.0167,0.0155,0.0156,0.2980
09-DEC-2014,ANGIND,38.35,39.85,-0.0384,0.0412,0.0410,0.7833
09-DEC-2014,ANIKINDS,31.25,32.25,-0.0315,0.0228,0.0234,0.4471
09-DEC-2014,ANKITMETAL,5.10,5.40,-0.0572,0.0270,0.0297,0.5674
09-DEC-2014,ANSALAPI,29.40,30.30,-0.0302,0.0276,0.0278,0.5311
09-DEC-2014,ANSALHSG,29.40,30.00,-0.0202,0.0234,0.0232,0.4432
09-DEC-2014,ANTGRAPHIC,0.20,0.20,0.0000,0.1440,0.1396,2.6671
09-DEC-2014,APARINDS,419.90,421.20,-0.0031,0.0272,0.0264,0.5044
09-DEC-2014,APCOTEXIND,463.00,471.60,-0.0184,0.0368,0.0360,0.6878
09-DEC-2014,APLAB,38.90,38.90,0.0000,0.0099,0.0096,0.1834
09-DEC-2014,APLAPOLLO,363.65,369.25,-0.0153,0.0229,0.0225,0.4299
09-DEC-2014,APLLTD,428.40,435.45,-0.0163,0.0260,0.0255,0.4872
09-DEC-2014,APOLLOHOSP,1126.80,1151.05,-0.0213,0.0204,0.0205,0.3917
09-DEC-2014,APOLLOTYRE,222.10,232.15,-0.0443,0.0200,0.0222,0.4241
09-DEC-2014,APTECHT,74.95,76.70,-0.0231,0.0192,0.0195,0.3725
09-DEC-2014,ARCHIDPLY,41.95,42.45,-0.0118,0.0581,0.0564,1.0775
09-DEC-2014,ARCHIES,26.70,29.35,-0.0946,0.0490,0.0529,1.0107
09-DEC-2014,ARCOTECH,362.45,363.70,-0.0034,0.0129,0.0125,0.2388
09-DEC-2014,ARIES,131.40,136.40,-0.0373,0.0417,0.0415,0.7929
09-DEC-2014,ARIHANT,63.20,64.45,-0.0196,0.0532,0.0518,0.9896
09-DEC-2014,AROGRANITE,83.85,85.15,-0.0154,0.0409,0.0398,0.7604
09-DEC-2014,ARROWTEX,17.25,18.15,-0.0509,0.0490,0.0491,0.9381
09-DEC-2014,ARSHIYA,18.50,18.70,-0.0108,0.0292,0.0284,0.5426
09-DEC-2014,ARSSINFRA,38.40,40.90,-0.0631,0.0336,0.0361,0.6897
09-DEC-2014,ARVIND,268.85,277.80,-0.0327,0.0244,0.0250,0.4776
09-DEC-2014,ARVINDREM,29.90,30.80,-0.0297,0.0389,0.0384,0.7336
09-DEC-2014,ASAHIINDIA,115.60,118.15,-0.0218,0.0225,0.0225,0.4299
09-DEC-2014,ASAHISONG,139.10,139.50,-0.0029,0.0318,0.0308,0.5884
09-DEC-2014,ASAL,54.35,54.00,0.0065,0.0326,0.0316,0.6037
09-DEC-2014,ASHAPURMIN,60.65,61.90,-0.0204,0.0275,0.0271,0.5177
09-DEC-2014,ASHIANA,203.00,200.70,0.0114,0.0276,0.0269,0.5139
09-DEC-2014,ASHIMASYN,8.40,8.65,-0.0293,0.0519,0.0508,0.9705
09-DEC-2014,ASHOKA,131.80,135.75,-0.0295,0.0259,0.0261,0.4986
09-DEC-2014,ASHOKLEY,50.05,51.35,-0.0256,0.0253,0.0253,0.4834
09-DEC-2014,ASIANHOTNR,133.80,133.90,-0.0007,0.0289,0.0280,0.5349
09-DEC-2014,ASIANPAINT,781.80,793.50,-0.0149,0.0240,0.0236,0.4509
09-DEC-2014,ASIANTILES,135.60,137.35,-0.0128,0.0399,0.0388,0.7413
09-DEC-2014,ASIL,0.85,0.85,0.0000,0.0199,0.0193,0.3687
09-DEC-2014,ASSAMCO,4.30,4.35,-0.0116,0.0274,0.0267,0.5101
09-DEC-2014,ASTEC,107.50,109.75,-0.0207,0.0411,0.0402,0.7680
09-DEC-2014,ASTRAL,422.45,424.85,-0.0057,0.0287,0.0279,0.5330
09-DEC-2014,ASTRAMICRO,124.05,125.45,-0.0112,0.0319,0.0311,0.5942
09-DEC-2014,ASTRAZEN,827.80,837.25,-0.0114,0.0185,0.0182,0.3477
09-DEC-2014,ATFL,600.95,596.70,0.0071,0.0176,0.0172,0.3286
09-DEC-2014,ATLANTA,64.35,65.65,-0.0200,0.0202,0.0202,0.3859
09-DEC-2014,ATLASCYCLE,260.35,264.10,-0.0143,0.0189,0.0187,0.3573
09-DEC-2014,ATNINTER,0.45,0.40,0.1178,0.0792,0.0820,1.5666
09-DEC-2014,ATUL,1246.90,1278.00,-0.0246,0.0183,0.0187,0.3573
09-DEC-2014,ATULAUTO,609.60,626.40,-0.0272,0.0469,0.0460,0.8788
09-DEC-2014,AURIONPRO,279.55,291.15,-0.0407,0.0203,0.0221,0.4222
09-DEC-2014,AUROPHARMA,1129.65,1161.70,-0.0280,0.0209,0.0214,0.4088
09-DEC-2014,AUSOMENT,18.45,17.60,0.0472,0.0200,0.0226,0.4318
09-DEC-2014,AUSTRAL,0.65,0.60,0.0800,0.0621,0.0633,1.2093
09-DEC-2014,AUTOAXLES,719.25,734.90,-0.0215,0.0320,0.0315,0.6018
09-DEC-2014,AUTOIND,77.05,78.65,-0.0206,0.0286,0.0282,0.5388
09-DEC-2014,AUTOLITIND,35.05,34.75,0.0086,0.0453,0.0440,0.8406
09-DEC-2014,AVANTI,1708.80,1723.85,-0.0088,0.0273,0.0266,0.5082
09-DEC-2014,AVTNPL,38.65,38.60,0.0013,0.0315,0.0305,0.5827
09-DEC-2014,AXISBANK,488.80,496.60,-0.0158,0.0142,0.0143,0.2732
09-DEC-2014,AXISCADES,173.70,179.75,-0.0342,0.0500,0.0492,0.9400
09-DEC-2014,AXISGOLD,2480.75,2455.15,0.0104,0.0104,0.0104,0.1987
09-DEC-2014,BAFNAPHARM,31.95,32.85,-0.0278,0.0339,0.0336,0.6419
09-DEC-2014,BAGFILMS,3.10,3.10,0.0000,0.0307,0.0298,0.5693
09-DEC-2014,BAJAJ-AUTO,2608.85,2614.65,-0.0022,0.0102,0.0099,0.1891
09-DEC-2014,BAJAJCORP,329.45,341.25,-0.0352,0.0293,0.0297,0.5674
09-DEC-2014,BAJAJELEC,209.00,213.95,-0.0234,0.0330,0.0325,0.6209
09-DEC-2014,BAJAJFINSV,1347.55,1359.50,-0.0088,0.0289,0.0281,0.5368
09-DEC-2014,BAJAJHIND,18.90,19.45,-0.0287,0.0331,0.0329,0.6286
09-DEC-2014,BAJAJHLDNG,1420.10,1424.75,-0.0033,0.0186,0.0181,0.3458
09-DEC-2014,BAJFINANCE,3251.45,3254.70,-0.0010,0.0236,0.0229,0.4375
09-DEC-2014,BALAJITELE,70.45,71.10,-0.0092,0.0242,0.0236,0.4509
09-DEC-2014,BALAMINES,71.90,74.45,-0.0349,0.0194,0.0207,0.3955
09-DEC-2014,BALKRISIND,619.40,627.95,-0.0137,0.0344,0.0335,0.6400
09-DEC-2014,BALLARPUR,15.90,16.45,-0.0340,0.0261,0.0266,0.5082
09-DEC-2014,BALMLAWRIE,595.35,602.70,-0.0123,0.0274,0.0267,0.5101
09-DEC-2014,BALPHARMA,79.75,81.15,-0.0174,0.0495,0.0482,0.9209
09-DEC-2014,BALRAMCHIN,55.90,57.35,-0.0256,0.0327,0.0323,0.6171
09-DEC-2014,BANARBEADS,49.20,51.40,-0.0437,0.0495,0.0492,0.9400
09-DEC-2014,BANARISUG,1222.90,1226.45,-0.0029,0.0241,0.0234,0.4471
09-DEC-2014,BANCOINDIA,160.85,170.20,-0.0565,0.0248,0.0277,0.5292
09-DEC-2014,BANG,11.50,11.50,0.0000,0.0473,0.0459,0.8769
09-DEC-2014,BANKBARODA,1049.65,1085.00,-0.0331,0.0204,0.0214,0.4088
09-DEC-2014,BANKBEES,1847.88,1876.44,-0.0153,0.0120,0.0122,0.2331
09-DEC-2014,BANKINDIA,281.35,291.30,-0.0348,0.0231,0.0240,0.4585
09-DEC-2014,BANSWRAS,70.65,71.30,-0.0092,0.0233,0.0227,0.4337
09-DEC-2014,BARTRONICS,10.15,10.25,-0.0098,0.0536,0.0520,0.9935
09-DEC-2014,BASF,1272.60,1281.10,-0.0067,0.0207,0.0201,0.3840
09-DEC-2014,BASML,169.55,176.45,-0.0399,0.0545,0.0537,1.0259
09-DEC-2014,BATAINDIA,1279.75,1308.25,-0.0220,0.0162,0.0166,0.3171
09-DEC-2014,BAYERCROP,3000.70,3015.40,-0.0049,0.0279,0.0271,0.5177
09-DEC-2014,BBL,737.40,754.95,-0.0235,0.0346,0.0340,0.6496
09-DEC-2014,BBTC,479.30,505.35,-0.0529,0.0580,0.0577,1.1024
09-DEC-2014,BEARDSELL,57.90,57.90,0.0000,0.0232,0.0225,0.4299
09-DEC-2014,BEDMUTHA,18.00,17.80,0.0112,0.0346,0.0337,0.6438
09-DEC-2014,BEL,2844.80,2814.05,0.0109,0.0379,0.0368,0.7031
09-DEC-2014,BEML,781.90,775.70,0.0080,0.0356,0.0346,0.6610
09-DEC-2014,BEPL,14.45,14.00,0.0316,0.0305,0.0306,0.5846
09-DEC-2014,BERGEPAINT,404.40,409.70,-0.0130,0.0337,0.0328,0.6266
09-DEC-2014,BFINVEST,110.35,112.85,-0.0224,0.0262,0.0260,0.4967
09-DEC-2014,BFUTILITIE,600.15,617.40,-0.0283,0.0330,0.0327,0.6247
09-DEC-2014,BGLOBAL,3.85,4.00,-0.0382,0.0346,0.0348,0.6649
09-DEC-2014,BGRENERGY,167.70,170.80,-0.0183,0.0310,0.0304,0.5808
09-DEC-2014,BHAGYNAGAR,17.20,17.25,-0.0029,0.0218,0.0211,0.4031
09-DEC-2014,BHARATFORG,946.95,974.35,-0.0285,0.0206,0.0212,0.4050
09-DEC-2014,BHARATGEAR,66.40,71.60,-0.0754,0.0319,0.0360,0.6878
09-DEC-2014,BHARATRAS,834.95,860.00,-0.0296,0.0307,0.0306,0.5846
09-DEC-2014,BHARTIARTL,354.15,369.75,-0.0431,0.0141,0.0173,0.3305
09-DEC-2014,BHARTISHIP,36.65,38.15,-0.0401,0.0419,0.0418,0.7986
09-DEC-2014,BHEL,259.30,266.95,-0.0291,0.0229,0.0233,0.4451
09-DEC-2014,BHUSANSTL,97.25,98.80,-0.0158,0.0250,0.0245,0.4681
09-DEC-2014,BIL,412.05,412.05,0.0000,0.0129,0.0125,0.2388
09-DEC-2014,BILENERGY,1.50,1.40,0.0690,0.0416,0.0437,0.8349
09-DEC-2014,BILPOWER,1.55,1.60,-0.0317,0.0728,0.0710,1.3565
09-DEC-2014,BIMETAL,397.20,399.90,-0.0068,0.0352,0.0342,0.6534
09-DEC-2014,BINANIIND,108.95,103.75,0.0489,0.0247,0.0268,0.5120
09-DEC-2014,BINDALAGRO,30.40,31.40,-0.0324,0.0295,0.0297,0.5674
09-DEC-2014,BIOCON,455.05,455.15,-0.0002,0.0123,0.0119,0.2273
09-DEC-2014,BIRLACORPN,449.45,466.30,-0.0368,0.0222,0.0233,0.4451
09-DEC-2014,BIRLACOT,0.10,0.10,0.0000,0.2578,0.2499,4.7743
09-DEC-2014,BIRLAERIC,63.20,64.60,-0.0219,0.0297,0.0293,0.5598
09-DEC-2014,BIRLAMONEY,34.30,35.00,-0.0202,0.0422,0.0412,0.7871
09-DEC-2014,BLBLIMITED,5.10,5.50,-0.0755,0.0381,0.0413,0.7890
09-DEC-2014,BLISSGVS,66.60,68.45,-0.0274,0.0315,0.0313,0.5980
09-DEC-2014,BLKASHYAP,15.80,16.30,-0.0312,0.0340,0.0338,0.6457
09-DEC-2014,BLUECHIP,0.30,0.35,-0.1542,0.0945,0.0991,1.8933
09-DEC-2014,BLUECOAST,65.80,65.80,0.0000,0.0081,0.0079,0.1509
09-DEC-2014,BLUEDART,5764.70,5794.05,-0.0051,0.0222,0.0216,0.4127
09-DEC-2014,BLUESTARCO,333.90,339.45,-0.0165,0.0152,0.0153,0.2923
09-DEC-2014,BLUESTINFO,203.05,217.75,-0.0699,0.0230,0.0281,0.5368
09-DEC-2014,BODALCHEM,33.25,34.95,-0.0499,0.0428,0.0433,0.8272
09-DEC-2014,BODHTREE,10.00,9.55,0.0460,0.0371,0.0377,0.7203
09-DEC-2014,BOMDYEING,69.65,70.10,-0.0064,0.0257,0.0250,0.4776
09-DEC-2014,BOSCHLTD,20022.55,20191.05,-0.0084,0.0259,0.0252,0.4814
09-DEC-2014,BPCL,673.35,689.75,-0.0241,0.0207,0.0209,0.3993
09-DEC-2014,BPL,23.50,25.45,-0.0797,0.0505,0.0527,1.0068
09-DEC-2014,BRANDHOUSE,1.70,1.80,-0.0572,0.0332,0.0351,0.6706
09-DEC-2014,BRFL,132.20,133.25,-0.0079,0.0160,0.0156,0.2980
09-DEC-2014,BRIGADE,150.95,156.80,-0.0380,0.0287,0.0293,0.5598
09-DEC-2014,BRITANNIA,1793.55,1790.50,0.0017,0.0217,0.0210,0.4012
09-DEC-2014,BROADCAST,4.05,4.40,-0.0829,0.0508,0.0533,1.0183
09-DEC-2014,BROOKS,44.55,45.75,-0.0266,0.0432,0.0424,0.8101
09-DEC-2014,BSELINFRA,2.85,3.00,-0.0513,0.0548,0.0546,1.0431
09-DEC-2014,BSL,39.85,38.70,0.0293,0.0425,0.0418,0.7986
09-DEC-2014,BSLGOLDETF,2535.00,2529.95,0.0020,0.0124,0.0120,0.2293
09-DEC-2014,BSLIMITED,25.35,26.80,-0.0556,0.0439,0.0447,0.8540
09-DEC-2014,BSLNIFTY,81.44,81.44,0.0000,0.0200,0.0194,0.3706
09-DEC-2014,BURNPUR,9.50,9.75,-0.0260,0.0306,0.0303,0.5789
09-DEC-2014,BUTTERFLY,256.20,254.95,0.0049,0.0141,0.0137,0.2617
09-DEC-2014,BVCL,13.30,13.20,0.0075,0.0408,0.0396,0.7566
09-DEC-2014,CADILAHC,1578.30,1584.35,-0.0038,0.0216,0.0210,0.4012
09-DEC-2014,CAIRN,253.95,257.95,-0.0156,0.0192,0.0190,0.3630
09-DEC-2014,CALSOFT,4.40,4.40,0.0000,0.0242,0.0235,0.4490
09-DEC-2014,CANBK,399.35,415.25,-0.0390,0.0237,0.0249,0.4757
09-DEC-2014,CANDC,35.30,36.90,-0.0443,0.0387,0.0391,0.7470
09-DEC-2014,CANFINHOME,490.20,489.75,0.0009,0.0177,0.0172,0.3286
09-DEC-2014,CANTABIL,35.35,36.75,-0.0388,0.0584,0.0574,1.0966
09-DEC-2014,CAPF,329.10,339.05,-0.0298,0.0222,0.0227,0.4337
09-DEC-2014,CAPLIPOINT,421.20,425.15,-0.0093,0.0323,0.0314,0.5999
09-DEC-2014,CARBORUNIV,173.65,177.70,-0.0231,0.0269,0.0267,0.5101
09-DEC-2014,CAREERP,127.30,134.75,-0.0569,0.0431,0.0440,0.8406
09-DEC-2014,CARERATING,1326.70,1395.55,-0.0506,0.0178,0.0212,0.4050
09-DEC-2014,CASTROLIND,513.40,534.65,-0.0406,0.0179,0.0200,0.3821
09-DEC-2014,CCCL,4.90,4.95,-0.0102,0.0314,0.0305,0.5827
09-DEC-2014,CCL,156.30,149.80,0.0425,0.0256,0.0269,0.5139
09-DEC-2014,CEATLTD,833.90,860.65,-0.0316,0.0259,0.0263,0.5025
09-DEC-2014,CEBBCO,20.75,21.80,-0.0494,0.0541,0.0538,1.0278
09-DEC-2014,CELEBRITY,13.40,14.15,-0.0545,0.0618,0.0614,1.1730
09-DEC-2014,CELESTIAL,37.90,38.05,-0.0039,0.0310,0.0301,0.5751
09-DEC-2014,CENTENKA,160.25,162.65,-0.0149,0.0172,0.0171,0.3267
09-DEC-2014,CENTEXT,2.20,2.05,0.0706,0.0443,0.0463,0.8846
09-DEC-2014,CENTRALBK,79.20,80.60,-0.0175,0.0180,0.0180,0.3439
09-DEC-2014,CENTUM,646.90,641.70,0.0081,0.0303,0.0294,0.5617
09-DEC-2014,CENTURYPLY,153.85,159.85,-0.0383,0.0391,0.0390,0.7451
09-DEC-2014,CENTURYTEX,516.80,533.90,-0.0326,0.0225,0.0232,0.4432
09-DEC-2014,CERA,1688.90,1677.10,0.0070,0.0163,0.0159,0.3038
09-DEC-2014,CEREBRAINT,9.30,9.35,-0.0054,0.0301,0.0292,0.5579
09-DEC-2014,CESC,637.65,665.75,-0.0431,0.0240,0.0256,0.4891
09-DEC-2014,CGCL,196.35,204.00,-0.0382,0.0212,0.0226,0.4318
09-DEC-2014,CHAMBLFERT,64.20,65.25,-0.0162,0.0211,0.0208,0.3974
09-DEC-2014,CHEMFALKAL,88.15,90.30,-0.0241,0.0305,0.0302,0.5770
09-DEC-2014,CHENNPETRO,80.80,82.45,-0.0202,0.0254,0.0251,0.4795
09-DEC-2014,CHESLINTEX,8.60,8.50,0.0117,0.0330,0.0321,0.6133
09-DEC-2014,CHOLAFIN,445.65,455.65,-0.0222,0.0185,0.0187,0.3573
09-DEC-2014,CHROMATIC,4.25,4.30,-0.0117,0.0377,0.0367,0.7012
09-DEC-2014,CIGNITITEC,462.90,459.35,0.0077,0.0124,0.0122,0.2331
09-DEC-2014,CIMMCO,62.40,64.25,-0.0292,0.0595,0.0581,1.1100
09-DEC-2014,CINELINE,11.85,12.65,-0.0653,0.0361,0.0385,0.7355
09-DEC-2014,CINEVISTA,3.80,4.10,-0.0760,0.0604,0.0614,1.1730
09-DEC-2014,CIPLA,640.00,651.90,-0.0184,0.0158,0.0160,0.3057
09-DEC-2014,CLASSIC,2.10,2.20,-0.0465,0.0343,0.0352,0.6725
09-DEC-2014,CLNINDIA,874.35,886.95,-0.0143,0.0218,0.0214,0.4088
09-DEC-2014,CLUTCHAUTO,22.05,23.65,-0.0701,0.0562,0.0571,1.0909
09-DEC-2014,CMAHENDRA,13.85,14.50,-0.0459,0.0458,0.0458,0.8750
09-DEC-2014,CMC,1932.55,1951.80,-0.0099,0.0204,0.0199,0.3802
09-DEC-2014,CNOVAPETRO,16.10,16.10,0.0000,0.0293,0.0284,0.5426
09-DEC-2014,COALINDIA,360.95,364.60,-0.0101,0.0126,0.0125,0.2388
09-DEC-2014,COLPAL,1808.90,1868.40,-0.0324,0.0172,0.0185,0.3534
09-DEC-2014,COMPUAGE,180.20,181.50,-0.0072,0.0410,0.0398,0.7604
09-DEC-2014,COMPUSOFT,11.30,11.90,-0.0517,0.0333,0.0347,0.6629
09-DEC-2014,CONCOR,1337.60,1332.90,0.0035,0.0245,0.0238,0.4547
09-DEC-2014,CONSOFINVT,42.15,42.60,-0.0106,0.0238,0.0232,0.4432
09-DEC-2014,CORDSCABLE,25.40,26.95,-0.0592,0.0314,0.0337,0.6438
09-DEC-2014,COREEDUTEC,8.85,9.10,-0.0279,0.0242,0.0244,0.4662
09-DEC-2014,COROENGG,44.45,46.75,-0.0504,0.0299,0.0315,0.6018
09-DEC-2014,COROMANDEL,315.50,320.90,-0.0170,0.0171,0.0171,0.3267
09-DEC-2014,CORPBANK,323.05,335.70,-0.0384,0.0145,0.0169,0.3229
09-DEC-2014,COSMOFILMS,101.25,105.60,-0.0421,0.0251,0.0264,0.5044
09-DEC-2014,COUNCODOS,1.70,1.70,0.0000,0.0347,0.0336,0.6419
09-DEC-2014,COX&KINGS,277.25,279.50,-0.0081,0.0221,0.0215,0.4108
09-DEC-2014,CPSEETF,24.73,25.21,-0.0192,0.0103,0.0110,0.2102
09-DEC-2014,CREATIVEYE,3.60,3.75,-0.0408,0.0539,0.0532,1.0164
09-DEC-2014,CREST,47.80,47.80,0.0000,0.0268,0.0260,0.4967
09-DEC-2014,CRISIL,1899.45,1908.40,-0.0047,0.0144,0.0140,0.2675
09-DEC-2014,CRMFGETF,2545.00,2525.00,0.0079,0.0082,0.0082,0.1567
09-DEC-2014,CROMPGREAV,178.00,183.95,-0.0329,0.0271,0.0275,0.5254
09-DEC-2014,CTE,8.10,7.40,0.0904,0.0450,0.0489,0.9342
09-DEC-2014,CUB,92.30,92.25,0.0005,0.0186,0.0180,0.3439
09-DEC-2014,CUBEXTUB,11.80,11.25,0.0477,0.0359,0.0367,0.7012
09-DEC-2014,CUMMINSIND,913.50,913.65,-0.0002,0.0221,0.0214,0.4088
09-DEC-2014,CURATECH,14.25,15.15,-0.0612,0.0317,0.0342,0.6534
09-DEC-2014,CYBERMEDIA,9.00,9.00,0.0000,0.0135,0.0131,0.2503
09-DEC-2014,CYBERTECH,44.50,45.90,-0.0310,0.0565,0.0553,1.0565
09-DEC-2014,CYIENT,540.35,547.45,-0.0131,0.0199,0.0196,0.3745
09-DEC-2014,DAAWAT,104.80,111.10,-0.0584,0.0287,0.0313,0.5980
09-DEC-2014,DABUR,239.25,240.15,-0.0038,0.0145,0.0141,0.2694
09-DEC-2014,DALMIABHA,494.40,501.35,-0.0140,0.0279,0.0273,0.5216
09-DEC-2014,DALMIAREF,125.45,130.00,-0.0356,0.0388,0.0386,0.7375
09-DEC-2014,DALMIASUG,21.40,21.25,0.0070,0.0232,0.0226,0.4318
09-DEC-2014,DATAMATICS,81.10,84.20,-0.0375,0.0470,0.0465,0.8884
09-DEC-2014,DBCORP,384.70,389.95,-0.0136,0.0135,0.0135,0.2579
09-DEC-2014,DBREALTY,63.55,66.95,-0.0521,0.0264,0.0286,0.5464
09-DEC-2014,DBSTOCKBRO,64.90,65.00,-0.0015,0.0018,0.0018,0.0344
09-DEC-2014,DCBBANK,105.45,103.65,0.0172,0.0185,0.0184,0.3515
09-DEC-2014,DCM,80.05,76.70,0.0427,0.0231,0.0247,0.4719
09-DEC-2014,DCMSHRIRAM,169.20,174.45,-0.0306,0.0379,0.0375,0.7164
09-DEC-2014,DCW,19.30,20.15,-0.0431,0.0352,0.0357,0.6820
09-DEC-2014,DECCANCE,397.25,410.40,-0.0326,0.0264,0.0268,0.5120
09-DEC-2014,DECOLIGHT,1.60,1.65,-0.0308,0.0358,0.0355,0.6782
09-DEC-2014,DEEPAKFERT,131.80,132.90,-0.0083,0.0193,0.0188,0.3592
09-DEC-2014,DEEPAKNTR,86.35,85.95,0.0046,0.0234,0.0227,0.4337
09-DEC-2014,DEEPIND,73.85,79.65,-0.0756,0.0386,0.0418,0.7986
09-DEC-2014,DELTACORP,91.55,94.25,-0.0291,0.0260,0.0262,0.5006
09-DEC-2014,DELTAMAGNT,33.00,35.30,-0.0674,0.0310,0.0343,0.6553
09-DEC-2014,DEN,153.30,153.65,-0.0023,0.0328,0.0318,0.6075
09-DEC-2014,DENABANK,60.70,60.90,-0.0033,0.0171,0.0166,0.3171
09-DEC-2014,DENORA,151.15,152.40,-0.0082,0.0311,0.0302,0.5770
09-DEC-2014,DHAMPURSUG,44.55,44.90,-0.0078,0.0246,0.0239,0.4566
09-DEC-2014,DHANBANK,41.10,42.80,-0.0405,0.0206,0.0223,0.4260
09-DEC-2014,DHANUKA,532.50,555.45,-0.0422,0.0241,0.0255,0.4872
09-DEC-2014,DHARSUGAR,19.05,19.60,-0.0285,0.0296,0.0295,0.5636
09-DEC-2014,DHFL,386.85,395.65,-0.0225,0.0228,0.0228,0.4356
09-DEC-2014,DHUNINV,151.85,157.55,-0.0368,0.0662,0.0648,1.2380
09-DEC-2014,DIAPOWER,76.80,96.00,-0.2231,0.0432,0.0689,1.3163
09-DEC-2014,DICIND,398.15,394.20,0.0100,0.0322,0.0313,0.5980
09-DEC-2014,DIGJAM,9.45,9.90,-0.0465,0.0451,0.0452,0.8635
09-DEC-2014,DISHMAN,128.65,133.90,-0.0400,0.0280,0.0289,0.5521
09-DEC-2014,DISHTV,64.20,65.10,-0.0139,0.0202,0.0199,0.3802
09-DEC-2014,DIVISLAB,1668.80,1663.30,0.0033,0.0136,0.0132,0.2522
09-DEC-2014,DLF,159.20,160.55,-0.0084,0.0419,0.0407,0.7776
09-DEC-2014,DLINKINDIA,124.95,126.65,-0.0135,0.0223,0.0219,0.4184
09-DEC-2014,DOLPHINOFF,204.30,203.00,0.0064,0.0697,0.0676,1.2915
09-DEC-2014,DONEAR,20.15,20.50,-0.0172,0.0317,0.0310,0.5923
09-DEC-2014,DPL,82.35,85.70,-0.0399,0.0219,0.0234,0.4471
09-DEC-2014,DPSCLTD,18.15,18.10,0.0028,0.0254,0.0246,0.4700
09-DEC-2014,DQE,28.75,27.65,0.0390,0.0347,0.0350,0.6687
09-DEC-2014,DRDATSONS,11.30,11.05,0.0224,0.0510,0.0497,0.9495
09-DEC-2014,DREDGECORP,420.70,431.45,-0.0252,0.0259,0.0259,0.4948
09-DEC-2014,DRREDDY,3354.85,3315.40,0.0118,0.0156,0.0154,0.2942
09-DEC-2014,DSKULKARNI,97.20,97.70,-0.0051,0.0187,0.0182,0.3477
09-DEC-2014,DSSL,11.85,12.45,-0.0494,0.0412,0.0417,0.7967
09-DEC-2014,DUNCANSLTD,21.90,22.00,-0.0046,0.0259,0.0251,0.4795
09-DEC-2014,DWARKESH,31.40,31.85,-0.0142,0.0325,0.0317,0.6056
09-DEC-2014,DYNAMATECH,2083.25,2187.45,-0.0488,0.0364,0.0373,0.7126
09-DEC-2014,DYNATECH,3.00,3.15,-0.0488,0.0365,0.0374,0.7145
09-DEC-2014,EASTSILK,2.35,2.70,-0.1388,0.0351,0.0481,0.9189
09-DEC-2014,EASUNREYRL,43.40,45.00,-0.0362,0.0242,0.0251,0.4795
09-DEC-2014,ECEIND,122.30,123.20,-0.0073,0.0567,0.0550,1.0508
09-DEC-2014,ECLERX,1196.25,1182.50,0.0116,0.0179,0.0176,0.3362
09-DEC-2014,EDELWEISS,51.60,53.10,-0.0287,0.0264,0.0265,0.5063
09-DEC-2014,EDL,34.00,35.05,-0.0304,0.0159,0.0171,0.3267
09-DEC-2014,EDUCOMP,26.35,27.20,-0.0317,0.0247,0.0252,0.4814
09-DEC-2014,EICHERMOT,14353.70,14952.30,-0.0409,0.0229,0.0244,0.4662
09-DEC-2014,EIDPARRY,206.80,210.10,-0.0158,0.0196,0.0194,0.3706
09-DEC-2014,EIHAHOTELS,251.80,253.15,-0.0053,0.0286,0.0278,0.5311
09-DEC-2014,EIHOTEL,117.65,125.35,-0.0634,0.0262,0.0298,0.5693
09-DEC-2014,EIMCOELECO,350.00,365.00,-0.0420,0.0313,0.0320,0.6114
09-DEC-2014,EKC,12.05,12.00,0.0042,0.0304,0.0295,0.5636
09-DEC-2014,ELDERPHARM,144.20,155.40,-0.0748,0.0166,0.0244,0.4662
09-DEC-2014,ELECON,49.70,50.30,-0.0120,0.0340,0.0331,0.6324
09-DEC-2014,ELECTCAST,19.85,20.45,-0.0298,0.0327,0.0325,0.6209
09-DEC-2014,ELECTHERM,25.45,23.15,0.0947,0.0450,0.0494,0.9438
09-DEC-2014,ELFORGE,7.85,7.85,0.0000,0.0291,0.0282,0.5388
09-DEC-2014,ELGIEQUIP,160.35,164.40,-0.0249,0.0296,0.0293,0.5598
09-DEC-2014,ELGIRUBCO,28.15,29.30,-0.0400,0.0500,0.0495,0.9457
09-DEC-2014,EMAMIINFRA,33.90,33.55,0.0104,0.0306,0.0298,0.5693
09-DEC-2014,EMAMILTD,729.25,767.30,-0.0509,0.0147,0.0189,0.3611
09-DEC-2014,EMCO,39.70,40.45,-0.0187,0.0303,0.0297,0.5674
09-DEC-2014,EMKAY,51.00,51.30,-0.0059,0.0357,0.0346,0.6610
09-DEC-2014,EMMBI,13.55,13.85,-0.0219,0.0336,0.0330,0.6305
09-DEC-2014,ENERGYDEV,20.60,20.10,0.0246,0.0573,0.0559,1.0680
09-DEC-2014,ENGINERSIN,228.15,234.40,-0.0270,0.0293,0.0292,0.5579
09-DEC-2014,ENIL,501.30,500.05,0.0025,0.0138,0.0134,0.2560
09-DEC-2014,ENTEGRA,4.00,4.00,0.0000,0.0239,0.0232,0.4432
09-DEC-2014,EON,36.10,39.50,-0.0900,0.0480,0.0515,0.9839
09-DEC-2014,ERAINFRA,5.05,5.30,-0.0483,0.0353,0.0362,0.6916
09-DEC-2014,EROSMEDIA,347.00,347.10,-0.0003,0.0261,0.0253,0.4834
09-DEC-2014,ESABINDIA,666.60,666.40,0.0003,0.0287,0.0278,0.5311
09-DEC-2014,ESCORTS,127.30,130.90,-0.0279,0.0229,0.0232,0.4432
09-DEC-2014,ESL,4.95,4.95,0.0000,0.0316,0.0306,0.5846
09-DEC-2014,ESSAROIL,113.65,117.90,-0.0367,0.0465,0.0460,0.8788
09-DEC-2014,ESSARPORTS,103.30,104.20,-0.0087,0.0211,0.0206,0.3936
09-DEC-2014,ESSARSHPNG,22.25,22.50,-0.0112,0.0263,0.0256,0.4891
09-DEC-2014,ESSDEE,370.75,387.20,-0.0434,0.0294,0.0304,0.5808
09-DEC-2014,ESSELPACK,124.30,125.55,-0.0100,0.0305,0.0297,0.5674
09-DEC-2014,ESTER,20.70,20.80,-0.0048,0.0324,0.0314,0.5999
09-DEC-2014,EUROCERA,5.50,5.30,0.0370,0.0388,0.0387,0.7394
09-DEC-2014,EUROMULTI,2.45,2.40,0.0206,0.0351,0.0344,0.6572
09-DEC-2014,EUROTEXIND,23.00,23.10,-0.0043,0.0442,0.0429,0.8196
09-DEC-2014,EVEREADY,184.10,188.05,-0.0212,0.0320,0.0315,0.6018
09-DEC-2014,EVERESTIND,299.70,300.00,-0.0010,0.0251,0.0243,0.4643
09-DEC-2014,EVERONN,36.25,37.25,-0.0272,0.0358,0.0353,0.6744
09-DEC-2014,EXCELCROP,1193.95,1207.45,-0.0112,0.0335,0.0326,0.6228
09-DEC-2014,EXCELINDUS,373.00,381.55,-0.0227,0.0348,0.0342,0.6534
09-DEC-2014,EXCELINFO,24.60,24.85,-0.0101,0.0264,0.0257,0.4910
09-DEC-2014,EXIDEIND,171.55,169.60,0.0114,0.0194,0.0190,0.3630
09-DEC-2014,FACT,33.15,34.55,-0.0414,0.0376,0.0378,0.7222
09-DEC-2014,FAGBEARING,3585.30,3515.30,0.0197,0.0237,0.0235,0.4490
09-DEC-2014,FARMAXIND,1.20,1.15,0.0426,0.0479,0.0476,0.9094
09-DEC-2014,FCEL,10.90,11.30,-0.0360,0.0334,0.0336,0.6419
09-DEC-2014,FCSSOFT,0.30,0.30,0.0000,0.1048,0.1016,1.9411
09-DEC-2014,FDC,150.20,153.10,-0.0191,0.0182,0.0183,0.3496
09-DEC-2014,FEDDERLOYD,66.95,68.60,-0.0243,0.0271,0.0269,0.5139
09-DEC-2014,FEDERALBNK,138.25,141.30,-0.0218,0.0213,0.0213,0.4069
09-DEC-2014,FIEMIND,828.35,811.90,0.0201,0.0187,0.0188,0.3592
09-DEC-2014,FILATEX,30.20,32.15,-0.0626,0.0451,0.0463,0.8846
09-DEC-2014,FINANTECH,208.45,224.30,-0.0733,0.0466,0.0486,0.9285
09-DEC-2014,FINCABLES,261.80,266.25,-0.0169,0.0273,0.0268,0.5120
09-DEC-2014,FINPIPE,282.95,290.20,-0.0253,0.0235,0.0236,0.4509
09-DEC-2014,FIRSTWIN,6.50,6.50,0.0000,0.0338,0.0328,0.6266
09-DEC-2014,FLEXITUFF,216.60,216.15,0.0021,0.0219,0.0212,0.4050
09-DEC-2014,FLFL,75.95,79.75,-0.0488,0.0243,0.0264,0.5044
09-DEC-2014,FMGOETZE,399.65,411.10,-0.0282,0.0379,0.0374,0.7145
09-DEC-2014,FMNL,10.15,10.50,-0.0339,0.0485,0.0478,0.9132
09-DEC-2014,FORTIS,104.10,104.85,-0.0072,0.0138,0.0135,0.2579
09-DEC-2014,FOSECOIND,1249.00,1245.45,0.0028,0.0318,0.0308,0.5884
09-DEC-2014,FRL,88.15,88.95,-0.0090,0.0281,0.0273,0.5216
09-DEC-2014,FRLDVR,48.50,49.30,-0.0164,0.0277,0.0272,0.5197
09-DEC-2014,FSL,35.30,35.20,0.0028,0.0334,0.0324,0.6190
09-DEC-2014,GABRIEL,87.00,89.75,-0.0311,0.0259,0.0262,0.5006
09-DEC-2014,GAEL,47.60,49.75,-0.0442,0.0215,0.0235,0.4490
09-DEC-2014,GAIL,464.55,466.75,-0.0047,0.0174,0.0169,0.3229
09-DEC-2014,GAL,36.55,38.55,-0.0533,0.0201,0.0235,0.4490
09-DEC-2014,GALLANTT,23.75,24.10,-0.0146,0.0416,0.0405,0.7738
09-DEC-2014,GALLISPAT,397.05,396.80,0.0006,0.0072,0.0070,0.1337
09-DEC-2014,GAMMNINFRA,14.70,14.90,-0.0135,0.0497,0.0483,0.9228
09-DEC-2014,GAMMONIND,29.40,29.90,-0.0169,0.0322,0.0315,0.6018
09-DEC-2014,GANDHITUBE,204.05,211.70,-0.0368,0.0500,0.0493,0.9419
09-DEC-2014,GANESHHOUC,130.50,134.45,-0.0298,0.0211,0.0217,0.4146
09-DEC-2014,GANGOTRI,1.90,1.90,0.0000,0.0265,0.0257,0.4910
09-DEC-2014,GARDENSILK,32.45,32.90,-0.0138,0.0190,0.0187,0.3573
09-DEC-2014,GARWALLROP,173.90,175.70,-0.0103,0.0242,0.0236,0.4509
09-DEC-2014,GATI,262.15,271.15,-0.0338,0.0479,0.0472,0.9018
09-DEC-2014,GAYAPROJ,151.30,156.65,-0.0347,0.0255,0.0261,0.4986
09-DEC-2014,GDL,322.75,336.25,-0.0410,0.0257,0.0269,0.5139
09-DEC-2014,GEECEE,43.55,44.30,-0.0171,0.0466,0.0454,0.8674
09-DEC-2014,GEINDSYS,25.50,25.00,0.0198,0.0387,0.0378,0.7222
09-DEC-2014,GEMINI,1.50,1.50,0.0000,0.0573,0.0556,1.0622
09-DEC-2014,GENESYS,58.60,60.55,-0.0327,0.0285,0.0288,0.5502
09-DEC-2014,GENUSPOWER,29.05,29.95,-0.0305,0.0402,0.0397,0.7585
09-DEC-2014,GEOJITBNPP,36.65,37.05,-0.0109,0.0191,0.0187,0.3573
09-DEC-2014,GEOMETRIC,131.20,134.80,-0.0271,0.0307,0.0305,0.5827
09-DEC-2014,GESHIP,399.30,398.40,0.0023,0.0191,0.0185,0.3534
09-DEC-2014,GHCL,84.10,86.10,-0.0235,0.0269,0.0267,0.5101
09-DEC-2014,GICHSGFIN,180.50,183.75,-0.0178,0.0192,0.0191,0.3649
09-DEC-2014,GILLANDERS,67.55,68.05,-0.0074,0.0221,0.0215,0.4108
09-DEC-2014,GILLETTE,3362.85,3403.35,-0.0120,0.0214,0.0210,0.4012
09-DEC-2014,GINNIFILA,11.40,11.75,-0.0302,0.0328,0.0327,0.6247
09-DEC-2014,GIPCL,90.95,89.65,0.0144,0.0187,0.0185,0.3534
09-DEC-2014,GISOLUTION,3.30,3.45,-0.0445,0.0187,0.0211,0.4031
09-DEC-2014,GITANJALI,53.25,55.05,-0.0332,0.0472,0.0465,0.8884
09-DEC-2014,GKB,45.00,46.45,-0.0317,0.0550,0.0539,1.0298
09-DEC-2014,GKWLIMITED,466.10,465.00,0.0024,0.0446,0.0432,0.8253
09-DEC-2014,GLAXO,3159.20,3213.70,-0.0171,0.0175,0.0175,0.3343
09-DEC-2014,GLENMARK,804.60,804.50,0.0001,0.0188,0.0182,0.3477
09-DEC-2014,GLFL,2.45,2.45,0.0000,0.1100,0.1066,2.0366
09-DEC-2014,GLOBALVECT,63.90,65.30,-0.0217,0.0388,0.0380,0.7260
09-DEC-2014,GLOBOFFS,615.40,624.40,-0.0145,0.0235,0.0231,0.4413
09-DEC-2014,GLOBUSSPR,72.25,74.70,-0.0333,0.0245,0.0251,0.4795
09-DEC-2014,GLODYNE,3.30,3.20,0.0308,0.0364,0.0361,0.6897
09-DEC-2014,GLORY,0.50,0.50,0.0000,0.0016,0.0016,0.0306
09-DEC-2014,GMBREW,92.60,94.05,-0.0155,0.0168,0.0167,0.3191
09-DEC-2014,GMDCLTD,132.50,136.15,-0.0272,0.0208,0.0212,0.4050
09-DEC-2014,GMRINFRA,19.25,19.05,0.0104,0.0264,0.0257,0.4910
09-DEC-2014,GNFC,86.55,89.00,-0.0279,0.0147,0.0158,0.3019
09-DEC-2014,GOACARBON,82.80,84.75,-0.0233,0.0259,0.0258,0.4929
09-DEC-2014,GODFRYPHLP,601.75,613.30,-0.0190,0.0260,0.0256,0.4891
09-DEC-2014,GODREJCP,1011.60,1015.45,-0.0038,0.0181,0.0176,0.3362
09-DEC-2014,GODREJIND,282.95,288.50,-0.0194,0.0165,0.0167,0.3191
09-DEC-2014,GODREJPROP,263.20,270.65,-0.0279,0.0207,0.0212,0.4050
09-DEC-2014,GOENKA,2.25,2.25,0.0000,0.0330,0.0320,0.6114
09-DEC-2014,GOKEX,69.20,73.05,-0.0541,0.0425,0.0433,0.8272
09-DEC-2014,GOKUL,18.75,19.30,-0.0289,0.0382,0.0377,0.7203
09-DEC-2014,GOLDBEES,2437.40,2430.25,0.0029,0.0084,0.0082,0.1567
09-DEC-2014,GOLDENTOBC,36.00,37.20,-0.0328,0.0453,0.0446,0.8521
09-DEC-2014,GOLDIAM,28.20,29.35,-0.0400,0.0316,0.0322,0.6152
09-DEC-2014,GOLDINFRA,13.30,13.60,-0.0223,0.0340,0.0334,0.6381
09-DEC-2014,GOLDSHARE,2422.65,2416.30,0.0026,0.0075,0.0073,0.1395
09-DEC-2014,GOLDTECH,6.75,6.75,0.0000,0.0362,0.0351,0.6706
09-DEC-2014,GPIL,139.70,142.95,-0.0230,0.0194,0.0196,0.3745
09-DEC-2014,GPPL,172.15,176.15,-0.0230,0.0205,0.0207,0.3955
09-DEC-2014,GRANULES,747.65,763.65,-0.0212,0.0231,0.0230,0.4394
09-DEC-2014,GRAPHITE,88.25,91.35,-0.0345,0.0188,0.0201,0.3840
09-DEC-2014,GRASIM,3375.90,3437.90,-0.0182,0.0118,0.0123,0.2350
09-DEC-2014,GRAVITA,70.00,68.75,0.0180,0.0341,0.0334,0.6381
09-DEC-2014,GREAVESCOT,139.25,141.25,-0.0143,0.0222,0.0218,0.4165
09-DEC-2014,GREENFIRE,0.85,0.90,-0.0572,0.0458,0.0466,0.8903
09-DEC-2014,GREENPLY,748.50,766.15,-0.0233,0.0403,0.0395,0.7546
09-DEC-2014,GREENPOWER,17.70,18.30,-0.0333,0.0413,0.0409,0.7814
09-DEC-2014,GRINDWELL,566.00,573.35,-0.0129,0.0230,0.0225,0.4299
09-DEC-2014,GRUH,247.95,249.15,-0.0048,0.0209,0.0203,0.3878
09-DEC-2014,GSCLCEMENT,31.25,32.20,-0.0299,0.0398,0.0393,0.7508
09-DEC-2014,GSFC,100.05,101.85,-0.0178,0.0294,0.0288,0.5502
09-DEC-2014,GSKCONS,5807.00,5750.70,0.0097,0.0150,0.0147,0.2808
09-DEC-2014,GSLNOVA,1.65,1.65,0.0000,0.0056,0.0054,0.1032
09-DEC-2014,GSPL,102.55,106.20,-0.0350,0.0227,0.0236,0.4509
09-DEC-2014,GSS,29.60,29.05,0.0188,0.0271,0.0267,0.5101
09-DEC-2014,GTL,18.10,18.45,-0.0192,0.0231,0.0229,0.4375
09-DEC-2014,GTLINFRA,2.55,2.65,-0.0385,0.0394,0.0393,0.7508
09-DEC-2014,GTNIND,13.45,12.70,0.0574,0.0419,0.0430,0.8215
09-DEC-2014,GTNTEX,10.25,10.35,-0.0097,0.0589,0.0572,1.0928
09-DEC-2014,GTOFFSHORE,79.70,81.60,-0.0236,0.0226,0.0227,0.4337
09-DEC-2014,GUFICBIO,16.15,16.30,-0.0092,0.0345,0.0335,0.6400
09-DEC-2014,GUJALKALI,184.95,186.50,-0.0083,0.0154,0.0151,0.2885
09-DEC-2014,GUJAPOLLO,117.85,118.00,-0.0013,0.0139,0.0135,0.2579
09-DEC-2014,GUJFLUORO,721.05,753.60,-0.0442,0.0189,0.0213,0.4069
09-DEC-2014,GUJNRECOKE,6.55,6.55,0.0000,0.0255,0.0247,0.4719
09-DEC-2014,GUJNREDVR,3.20,3.40,-0.0606,0.0258,0.0291,0.5560
09-DEC-2014,GUJRATGAS,579.40,590.25,-0.0186,0.0376,0.0367,0.7012
09-DEC-2014,GULFCORP,153.60,152.60,0.0065,0.0243,0.0236,0.4509
09-DEC-2014,GULFOILLUB,491.45,479.20,0.0252,0.0372,0.0366,0.6992
09-DEC-2014,GVKPIL,9.80,10.05,-0.0252,0.0321,0.0317,0.6056
09-DEC-2014,HANUNG,18.25,19.50,-0.0662,0.0266,0.0305,0.5827
09-DEC-2014,HARITASEAT,171.40,172.85,-0.0084,0.0295,0.0287,0.5483
09-DEC-2014,HARRMALAYA,55.70,57.70,-0.0353,0.0240,0.0248,0.4738
09-DEC-2014,HATHWAY,356.30,365.30,-0.0249,0.0183,0.0188,0.3592
09-DEC-2014,HATSUN,308.15,315.15,-0.0225,0.0246,0.0245,0.4681
09-DEC-2014,HAVELLS,333.25,322.30,0.0334,0.0193,0.0204,0.3897
09-DEC-2014,HBLPOWER,33.65,33.60,0.0015,0.0616,0.0597,1.1406
09-DEC-2014,HBSTOCK,13.60,13.80,-0.0146,0.0423,0.0412,0.7871
09-DEC-2014,HCC,31.00,31.90,-0.0286,0.0402,0.0396,0.7566
09-DEC-2014,HCIL,27.65,28.00,-0.0126,0.0290,0.0283,0.5407
09-DEC-2014,HCL-INSYS,57.00,60.05,-0.0521,0.0330,0.0344,0.6572
09-DEC-2014,HCLTECH,1560.70,1559.50,0.0008,0.0179,0.0174,0.3324
09-DEC-2014,HDFC,1103.20,1107.60,-0.0040,0.0129,0.0125,0.2388
09-DEC-2014,HDFCBANK,926.75,927.15,-0.0004,0.0103,0.0100,0.1910
09-DEC-2014,HDFCMFGETF,2510.15,2491.60,0.0074,0.0078,0.0078,0.1490
09-DEC-2014,HDIL,75.15,77.70,-0.0334,0.0280,0.0284,0.5426
09-DEC-2014,HEG,250.80,256.00,-0.0205,0.0209,0.0209,0.3993
09-DEC-2014,HEIDELBERG,83.70,86.80,-0.0364,0.0244,0.0253,0.4834
09-DEC-2014,HELIOSMATH,82.95,84.20,-0.0150,0.0385,0.0375,0.7164
09-DEC-2014,HERCULES,205.75,204.50,0.0061,0.0224,0.0218,0.4165
09-DEC-2014,HERITGFOOD,398.70,408.40,-0.0240,0.0346,0.0341,0.6515
09-DEC-2014,HEROMOTOCO,3136.60,3160.15,-0.0075,0.0150,0.0147,0.2808
09-DEC-2014,HEXATRADEX,23.05,24.70,-0.0691,0.0393,0.0417,0.7967
09-DEC-2014,HEXAWARE,211.45,213.75,-0.0108,0.0258,0.0252,0.4814
09-DEC-2014,HFCL,19.75,19.80,-0.0025,0.0382,0.0370,0.7069
09-DEC-2014,HGS,644.85,657.80,-0.0199,0.0185,0.0186,0.3554
09-DEC-2014,HIKAL,716.00,733.15,-0.0237,0.0177,0.0181,0.3458
09-DEC-2014,HIL,625.20,645.95,-0.0327,0.0169,0.0182,0.3477
09-DEC-2014,HILTON,18.80,19.25,-0.0237,0.0315,0.0311,0.5942
09-DEC-2014,HIMATSEIDE,92.65,89.20,0.0379,0.0239,0.0250,0.4776
09-DEC-2014,HINDALCO,154.45,159.15,-0.0300,0.0234,0.0238,0.4547
09-DEC-2014,HINDCOMPOS,935.55,942.95,-0.0079,0.0434,0.0421,0.8043
09-DEC-2014,HINDCOPPER,74.20,75.85,-0.0220,0.0180,0.0183,0.3496
09-DEC-2014,HINDDORROL,15.15,15.45,-0.0196,0.0668,0.0649,1.2399
09-DEC-2014,HINDMOTORS,8.25,8.60,-0.0415,0.0263,0.0275,0.5254
09-DEC-2014,HINDNATGLS,121.70,125.00,-0.0268,0.0169,0.0176,0.3362
09-DEC-2014,HINDOILEXP,42.35,43.90,-0.0359,0.0333,0.0335,0.6400
09-DEC-2014,HINDPETRO,582.55,568.00,0.0253,0.0267,0.0266,0.5082
09-DEC-2014,HINDSYNTEX,12.00,12.75,-0.0606,0.0524,0.0529,1.0107
09-DEC-2014,HINDUJAFO,44.20,44.30,-0.0023,0.0427,0.0414,0.7909
09-DEC-2014,HINDUJAVEN,321.05,321.30,-0.0008,0.0186,0.0180,0.3439
09-DEC-2014,HINDUNILVR,812.95,820.00,-0.0086,0.0133,0.0131,0.2503
09-DEC-2014,HINDZINC,168.20,173.30,-0.0299,0.0192,0.0200,0.3821
09-DEC-2014,HIRECT,80.70,78.40,0.0289,0.0431,0.0424,0.8101
09-DEC-2014,HITACHIHOM,819.90,815.00,0.0060,0.0341,0.0331,0.6324
09-DEC-2014,HITECHGEAR,238.65,241.70,-0.0127,0.0335,0.0326,0.6228
09-DEC-2014,HITECHPLAS,119.90,123.70,-0.0312,0.0472,0.0464,0.8865
09-DEC-2014,HMT,57.30,58.45,-0.0199,0.0636,0.0619,1.1826
09-DEC-2014,HMVL,200.35,202.35,-0.0099,0.0371,0.0361,0.6897
09-DEC-2014,HNGSNGBEES,2060.00,2114.90,-0.0263,0.0213,0.0216,0.4127
09-DEC-2014,HOCL,23.35,24.25,-0.0378,0.0387,0.0386,0.7375
09-DEC-2014,HONAUT,7063.15,7155.55,-0.0130,0.0239,0.0234,0.4471
09-DEC-2014,HONDAPOWER,923.75,926.50,-0.0030,0.0169,0.0164,0.3133
09-DEC-2014,HOTELEELA,21.90,22.55,-0.0292,0.0383,0.0378,0.7222
09-DEC-2014,HOTELRUGBY,5.25,5.25,0.0000,0.0405,0.0393,0.7508
09-DEC-2014,HOVS,132.95,139.30,-0.0467,0.0460,0.0460,0.8788
09-DEC-2014,HSIL,363.00,352.90,0.0282,0.0187,0.0194,0.3706
09-DEC-2014,HTMEDIA,124.05,120.65,0.0278,0.0218,0.0222,0.4241
09-DEC-2014,HUBTOWN,113.45,117.00,-0.0308,0.0276,0.0278,0.5311
09-DEC-2014,HYDROS&S,216.30,221.15,-0.0222,0.0374,0.0367,0.7012
09-DEC-2014,IBREALEST,71.25,74.10,-0.0392,0.0320,0.0325,0.6209
09-DEC-2014,IBSEC,24.55,24.75,-0.0081,0.0217,0.0211,0.4031
09-DEC-2014,IBULHSGFIN,446.15,450.80,-0.0104,0.0205,0.0200,0.3821
09-DEC-2014,IBWSL,13.95,14.50,-0.0387,0.0283,0.0290,0.5540
09-DEC-2014,ICICIBANK,350.40,353.80,-0.0097,0.0137,0.0135,0.2579
09-DEC-2014,ICIL,303.95,329.95,-0.0821,0.0497,0.0522,0.9973
09-DEC-2014,ICNX100,86.33,88.03,-0.0195,0.0129,0.0134,0.2560
09-DEC-2014,ICRA,2742.05,2744.50,-0.0009,0.0157,0.0152,0.2904
09-DEC-2014,ICSA,5.20,5.45,-0.0470,0.0642,0.0633,1.2093
09-DEC-2014,IDBI,69.05,72.35,-0.0467,0.0250,0.0268,0.5120
09-DEC-2014,IDBIGOLD,2532.20,2518.00,0.0056,0.0119,0.0116,0.2216
09-DEC-2014,IDEA,145.80,146.95,-0.0079,0.0236,0.0230,0.4394
09-DEC-2014,IDFC,153.70,158.00,-0.0276,0.0174,0.0182,0.3477
09-DEC-2014,IFBAGRO,396.35,408.20,-0.0295,0.0460,0.0452,0.8635
09-DEC-2014,IFBIND,490.00,505.35,-0.0308,0.0339,0.0337,0.6438
09-DEC-2014,IFCI,37.45,39.55,-0.0546,0.0208,0.0242,0.4623
09-DEC-2014,IFGLREFRAC,158.50,157.45,0.0066,0.0330,0.0320,0.6114
09-DEC-2014,IGARASHI,307.55,323.85,-0.0516,0.0258,0.0280,0.5349
09-DEC-2014,IGL,433.45,443.20,-0.0222,0.0195,0.0197,0.3764
09-DEC-2014,IGOLD,2501.00,2479.00,0.0088,0.0093,0.0093,0.1777
09-DEC-2014,IGPL,57.95,59.60,-0.0281,0.0404,0.0398,0.7604
09-DEC-2014,IIFL,181.55,180.25,0.0072,0.0252,0.0245,0.4681
09-DEC-2014,IIFLNIFTY,871.00,861.10,0.0114,0.0101,0.0102,0.1949
09-DEC-2014,IITL,72.35,74.00,-0.0225,0.0319,0.0314,0.5999
09-DEC-2014,IL&FSENGG,60.00,60.15,-0.0025,0.0283,0.0274,0.5235
09-DEC-2014,IL&FSTRANS,183.45,188.35,-0.0264,0.0222,0.0225,0.4299
09-DEC-2014,IMFA,225.80,228.00,-0.0097,0.0335,0.0326,0.6228
09-DEC-2014,IMPAL,734.30,750.10,-0.0213,0.0239,0.0238,0.4547
09-DEC-2014,IMPEXFERRO,2.60,2.65,-0.0190,0.0361,0.0353,0.6744
09-DEC-2014,INDBANK,6.20,6.25,-0.0080,0.0249,0.0242,0.4623
09-DEC-2014,INDHOTEL,120.80,121.35,-0.0045,0.0215,0.0209,0.3993
09-DEC-2014,INDIACEM,85.60,91.40,-0.0656,0.0299,0.0331,0.6324
09-DEC-2014,INDIAGLYCO,111.75,114.20,-0.0217,0.0223,0.0223,0.4260
09-DEC-2014,INDIANB,185.95,193.95,-0.0421,0.0253,0.0266,0.5082
09-DEC-2014,INDIANCARD,114.60,111.00,0.0319,0.0307,0.0308,0.5884
09-DEC-2014,INDIANHUME,320.40,321.15,-0.0023,0.0281,0.0272,0.5197
09-DEC-2014,INDLMETER,47.10,49.05,-0.0406,0.0325,0.0330,0.6305
09-DEC-2014,INDNIPPON,451.00,454.95,-0.0087,0.0313,0.0304,0.5808
09-DEC-2014,INDOCO,297.85,304.30,-0.0214,0.0239,0.0238,0.4547
09-DEC-2014,INDORAMA,21.35,22.50,-0.0525,0.0279,0.0299,0.5712
09-DEC-2014,INDOSOLAR,5.90,6.10,-0.0333,0.0361,0.0359,0.6859
09-DEC-2014,INDOTECH,232.40,232.60,-0.0009,0.0434,0.0421,0.8043
09-DEC-2014,INDOTHAI,16.00,14.50,0.0984,0.0318,0.0391,0.7470
09-DEC-2014,INDOWIND,4.30,4.35,-0.0116,0.0253,0.0247,0.4719
09-DEC-2014,INDRAMEDCO,57.10,56.15,0.0168,0.0287,0.0281,0.5368
09-DEC-2014,INDSWFTLAB,27.90,28.50,-0.0213,0.0284,0.0280,0.5349
09-DEC-2014,INDSWFTLTD,6.85,7.15,-0.0429,0.0312,0.0320,0.6114
09-DEC-2014,INDTERRAIN,540.10,540.25,-0.0003,0.0490,0.0475,0.9075
09-DEC-2014,INDUSFILA,3.90,3.80,0.0260,0.0230,0.0232,0.4432
09-DEC-2014,INDUSINDBK,774.50,783.35,-0.0114,0.0158,0.0156,0.2980
09-DEC-2014,INFINITE,162.70,166.20,-0.0213,0.0201,0.0202,0.3859
09-DEC-2014,INFODRIVE,6.95,6.65,0.0441,0.0561,0.0555,1.0603
09-DEC-2014,INFOMEDIA,3.35,3.50,-0.0438,0.0365,0.0370,0.7069
09-DEC-2014,INFRABEES,310.05,323.47,-0.0424,0.0126,0.0160,0.3057
09-DEC-2014,INFRATEL,318.35,310.95,0.0235,0.0219,0.0220,0.4203
09-DEC-2014,INFY,1964.80,1970.15,-0.0027,0.0184,0.0179,0.3420
09-DEC-2014,INGERRAND,860.35,885.95,-0.0293,0.0278,0.0279,0.5330
09-DEC-2014,INGVYSYABK,847.65,859.50,-0.0139,0.0246,0.0241,0.4604
09-DEC-2014,INIFTY,87.25,88.27,-0.0116,0.0149,0.0147,0.2808
09-DEC-2014,INNOIND,15.25,15.65,-0.0259,0.0426,0.0418,0.7986
09-DEC-2014,INOXLEISUR,175.10,178.30,-0.0181,0.0149,0.0151,0.2885
09-DEC-2014,INSECTICID,857.00,878.50,-0.0248,0.0251,0.0251,0.4795
09-DEC-2014,INTEGRA,3.00,3.00,0.0000,0.0133,0.0129,0.2465
09-DEC-2014,INVENTURE,12.70,12.70,0.0000,0.0364,0.0353,0.6744
09-DEC-2014,IOB,58.70,60.55,-0.0310,0.0214,0.0221,0.4222
09-DEC-2014,IOC,347.85,343.90,0.0114,0.0204,0.0200,0.3821
09-DEC-2014,IOLCP,43.70,46.00,-0.0513,0.0476,0.0478,0.9132
09-DEC-2014,IPAPPM,255.05,255.60,-0.0022,0.0304,0.0295,0.5636
09-DEC-2014,IPCALAB,711.35,726.35,-0.0209,0.0222,0.0221,0.4222
09-DEC-2014,IPRINGLTD,91.55,94.50,-0.0317,0.0533,0.0523,0.9992
09-DEC-2014,IRB,252.15,257.00,-0.0191,0.0193,0.0193,0.3687
09-DEC-2014,ISENSEX,292.00,292.00,0.0000,0.0129,0.0125,0.2388
09-DEC-2014,ISFT,51.40,50.50,0.0177,0.0354,0.0346,0.6610
09-DEC-2014,ISMTLTD,19.20,19.15,0.0026,0.0437,0.0424,0.8101
09-DEC-2014,ITC,394.35,397.80,-0.0087,0.0202,0.0197,0.3764
09-DEC-2014,ITDCEM,475.90,494.55,-0.0384,0.0361,0.0362,0.6916
09-DEC-2014,ITI,31.20,33.30,-0.0651,0.0361,0.0385,0.7355
09-DEC-2014,IVC,19.65,19.80,-0.0076,0.0225,0.0219,0.4184
09-DEC-2014,IVP,54.95,53.70,0.0230,0.0336,0.0331,0.6324
09-DEC-2014,IVRCLINFRA,16.00,16.75,-0.0458,0.0347,0.0355,0.6782
09-DEC-2014,J&KBANK,145.25,142.05,0.0223,0.0202,0.0203,0.3878
09-DEC-2014,JAGRAN,144.45,141.95,0.0175,0.0155,0.0156,0.2980
09-DEC-2014,JAGSNPHARM,40.45,43.80,-0.0796,0.0704,0.0710,1.3565
09-DEC-2014,JAIBALAJI,17.10,17.10,0.0000,0.0388,0.0376,0.7183
09-DEC-2014,JAICORPLTD,82.35,85.55,-0.0381,0.0225,0.0237,0.4528
09-DEC-2014,JAIHINDPRO,16.85,17.85,-0.0577,0.0541,0.0543,1.0374
09-DEC-2014,JAINSTUDIO,5.80,5.80,0.0000,0.0252,0.0244,0.4662
09-DEC-2014,JAMNAAUTO,150.45,150.40,0.0003,0.0321,0.0311,0.5942
09-DEC-2014,JAYAGROGN,143.65,146.25,-0.0179,0.0323,0.0316,0.6037
09-DEC-2014,JAYBARMARU,152.00,158.05,-0.0390,0.0320,0.0325,0.6209
09-DEC-2014,JAYNECOIND,11.90,12.10,-0.0167,0.0428,0.0417,0.7967
09-DEC-2014,JAYSREETEA,87.80,89.45,-0.0186,0.0170,0.0171,0.3267
09-DEC-2014,JBCHEPHARM,213.10,219.95,-0.0316,0.0216,0.0223,0.4260
09-DEC-2014,JBFIND,265.70,291.25,-0.0918,0.0590,0.0615,1.1750
09-DEC-2014,JBMA,164.65,166.95,-0.0139,0.0389,0.0379,0.7241
09-DEC-2014,JCTEL,0.60,0.65,-0.0800,0.0514,0.0536,1.0240
09-DEC-2014,JENSONICOL,6.20,5.65,0.0929,0.0490,0.0527,1.0068
09-DEC-2014,JETAIRWAYS,428.50,403.45,0.0602,0.0569,0.0571,1.0909
09-DEC-2014,JEYPORE,87.65,87.65,0.0000,0.0273,0.0265,0.5063
09-DEC-2014,JHS,9.20,9.80,-0.0632,0.0596,0.0598,1.1425
09-DEC-2014,JIKIND,1.20,1.35,-0.1178,0.0491,0.0557,1.0641
09-DEC-2014,JINDALPHOT,174.70,173.55,0.0066,0.0252,0.0245,0.4681
09-DEC-2014,JINDALPOLY,302.15,307.70,-0.0182,0.0234,0.0231,0.4413
09-DEC-2014,JINDALSAW,104.55,108.00,-0.0325,0.0385,0.0382,0.7298
09-DEC-2014,JINDALSTEL,145.10,148.60,-0.0238,0.0369,0.0362,0.6916
09-DEC-2014,JINDCOT,14.10,13.15,0.0698,0.0562,0.0571,1.0909
09-DEC-2014,JINDRILL,191.45,193.50,-0.0107,0.0195,0.0191,0.3649
09-DEC-2014,JINDWORLD,112.95,118.90,-0.0513,0.0321,0.0336,0.6419
09-DEC-2014,JISLDVREQS,52.45,52.50,-0.0010,0.0288,0.0279,0.5330
09-DEC-2014,JISLJALEQS,78.95,80.30,-0.0170,0.0295,0.0289,0.5521
09-DEC-2014,JKCEMENT,610.65,601.00,0.0159,0.0231,0.0227,0.4337
09-DEC-2014,JKIL,436.00,445.70,-0.0220,0.0270,0.0267,0.5101
09-DEC-2014,JKLAKSHMI,389.55,380.80,0.0227,0.0211,0.0212,0.4050
09-DEC-2014,JKPAPER,31.05,31.85,-0.0254,0.0165,0.0172,0.3286
09-DEC-2014,JKTYRE,638.20,642.75,-0.0071,0.0349,0.0339,0.6477
09-DEC-2014,JMCPROJECT,167.65,168.80,-0.0068,0.0339,0.0329,0.6286
09-DEC-2014,JMFINANCIL,49.05,47.35,0.0353,0.0289,0.0293,0.5598
09-DEC-2014,JMTAUTOLTD,116.10,112.55,0.0311,0.0263,0.0266,0.5082
09-DEC-2014,JOCIL,124.10,127.10,-0.0239,0.0264,0.0263,0.5025
09-DEC-2014,JPASSOCIAT,27.65,28.45,-0.0285,0.0326,0.0324,0.6190
09-DEC-2014,JPINFRATEC,19.95,20.65,-0.0345,0.0267,0.0272,0.5197
09-DEC-2014,JPOLYINVST,104.60,103.90,0.0067,0.0312,0.0303,0.5789
09-DEC-2014,JPPOWER,12.50,12.75,-0.0198,0.0316,0.0310,0.5923
09-DEC-2014,JSL,31.20,30.90,0.0097,0.0223,0.0217,0.4146
09-DEC-2014,JSWENERGY,90.65,91.05,-0.0044,0.0307,0.0298,0.5693
09-DEC-2014,JSWHL,918.10,934.55,-0.0178,0.0157,0.0158,0.3019
09-DEC-2014,JSWSTEEL,1108.05,1131.85,-0.0213,0.0182,0.0184,0.3515
09-DEC-2014,JUBILANT,132.15,133.50,-0.0102,0.0206,0.0201,0.3840
09-DEC-2014,JUBLFOOD,1340.90,1395.10,-0.0396,0.0199,0.0216,0.4127
09-DEC-2014,JUBLINDS,66.70,69.50,-0.0411,0.0242,0.0255,0.4872
09-DEC-2014,JUMBO,6.55,6.85,-0.0448,0.0115,0.0156,0.2980
09-DEC-2014,JUNIORBEES,183.52,186.23,-0.0147,0.0113,0.0115,0.2197
09-DEC-2014,JUSTDIAL,1432.20,1492.40,-0.0412,0.0225,0.0240,0.4585
09-DEC-2014,JVLAGRO,19.00,19.00,0.0000,0.0253,0.0245,0.4681
09-DEC-2014,JYOTHYLAB,240.70,242.35,-0.0068,0.0245,0.0238,0.4547
09-DEC-2014,JYOTISTRUC,41.35,41.00,0.0085,0.0328,0.0319,0.6094
09-DEC-2014,KABRAEXTRU,79.50,79.95,-0.0056,0.0292,0.0283,0.5407
09-DEC-2014,KAJARIACER,584.95,586.10,-0.0020,0.0110,0.0107,0.2044
09-DEC-2014,KAKATCEM,108.60,109.55,-0.0087,0.0237,0.0231,0.4413
09-DEC-2014,KALINDEE,125.60,128.60,-0.0236,0.0338,0.0333,0.6362
09-DEC-2014,KALPATPOWR,182.45,187.65,-0.0281,0.0321,0.0319,0.6094
09-DEC-2014,KALYANIFRG,237.30,237.30,0.0000,0.0322,0.0312,0.5961
09-DEC-2014,KAMATHOTEL,76.30,78.90,-0.0335,0.0351,0.0350,0.6687
09-DEC-2014,KANANIIND,9.00,9.55,-0.0593,0.0460,0.0469,0.8960
09-DEC-2014,KANDAGIRI,73.45,73.45,0.0000,0.0230,0.0223,0.4260
09-DEC-2014,KANORICHEM,35.65,36.15,-0.0139,0.0281,0.0275,0.5254
09-DEC-2014,KANSAINER,2002.65,1998.00,0.0023,0.0147,0.0143,0.2732
09-DEC-2014,KARMAENG,18.30,19.00,-0.0375,0.0617,0.0605,1.1559
09-DEC-2014,KARURKCP,57.30,51.55,0.1057,0.0510,0.0558,1.0661
09-DEC-2014,KARURVYSYA,540.20,554.45,-0.0260,0.0157,0.0165,0.3152
09-DEC-2014,KAUSHALYA,6.00,6.10,-0.0165,0.0368,0.0359,0.6859
09-DEC-2014,KAVVERITEL,16.00,15.55,0.0285,0.0380,0.0375,0.7164
09-DEC-2014,KBIL,3975.50,4071.20,-0.0238,0.0237,0.0237,0.4528
09-DEC-2014,KCP,65.55,65.30,0.0038,0.0392,0.0380,0.7260
09-DEC-2014,KCPSUGIND,21.00,21.25,-0.0118,0.0252,0.0246,0.4700
09-DEC-2014,KEC,99.25,100.05,-0.0080,0.0240,0.0234,0.4471
09-DEC-2014,KECL,28.70,29.60,-0.0309,0.0343,0.0341,0.6515
09-DEC-2014,KEI,45.55,46.30,-0.0163,0.0389,0.0379,0.7241
09-DEC-2014,KEMROCK,33.60,39.10,-0.1516,0.0699,0.0773,1.4768
09-DEC-2014,KERNEX,63.15,65.35,-0.0342,0.0266,0.0271,0.5177
09-DEC-2014,KESARENT,24.40,25.00,-0.0243,0.0288,0.0285,0.5445
09-DEC-2014,KESORAMIND,109.00,108.60,0.0037,0.0371,0.0360,0.6878
09-DEC-2014,KEYCORPSER,37.45,37.45,0.0000,0.0104,0.0101,0.1930
09-DEC-2014,KGL,1.35,1.30,0.0377,0.0378,0.0378,0.7222
09-DEC-2014,KHAITANELE,51.45,53.70,-0.0428,0.0377,0.0380,0.7260
09-DEC-2014,KHAITANLTD,10.95,10.50,0.0420,0.0366,0.0369,0.7050
09-DEC-2014,KHANDSE,16.90,16.90,0.0000,0.0260,0.0252,0.4814
09-DEC-2014,KICL,1533.15,1612.80,-0.0506,0.0492,0.0493,0.9419
09-DEC-2014,KIL,53.15,54.00,-0.0159,0.0322,0.0315,0.6018
09-DEC-2014,KILITCH,40.90,42.90,-0.0477,0.0649,0.0640,1.2227
09-DEC-2014,KIRIINDUS,83.45,90.70,-0.0833,0.0468,0.0498,0.9514
09-DEC-2014,KIRLOSBROS,222.50,224.75,-0.0101,0.0160,0.0157,0.2999
09-DEC-2014,KIRLOSENG,283.65,276.70,0.0248,0.0247,0.0247,0.4719
09-DEC-2014,KIRLOSIND,624.95,628.15,-0.0051,0.0202,0.0196,0.3745
09-DEC-2014,KITEX,500.65,514.00,-0.0263,0.0237,0.0239,0.4566
09-DEC-2014,KKCL,1833.35,1830.85,0.0014,0.0198,0.0192,0.3668
09-DEC-2014,KLGSYSTEL,4.10,4.10,0.0000,0.0016,0.0016,0.0306
09-DEC-2014,KLRF,33.50,31.95,0.0474,0.0329,0.0339,0.6477
09-DEC-2014,KMSUGAR,4.25,4.30,-0.0117,0.0376,0.0366,0.6992
09-DEC-2014,KNRCON,311.85,308.20,0.0118,0.0311,0.0303,0.5789
09-DEC-2014,KOHINOOR,43.65,44.10,-0.0103,0.0257,0.0250,0.4776
09-DEC-2014,KOKUYOCMLN,59.20,58.70,0.0085,0.0274,0.0266,0.5082
09-DEC-2014,KOLTEPATIL,189.80,190.05,-0.0013,0.0263,0.0255,0.4872
09-DEC-2014,KOPRAN,56.85,58.40,-0.0269,0.0369,0.0364,0.6954
09-DEC-2014,KOTAKBANK,1231.95,1245.95,-0.0113,0.0200,0.0196,0.3745
09-DEC-2014,KOTAKGOLD,2429.40,2413.10,0.0067,0.0091,0.0090,0.1719
09-DEC-2014,KOTAKNIFTY,837.07,846.17,-0.0108,0.0068,0.0071,0.1356
09-DEC-2014,KOTAKPSUBK,418.96,429.17,-0.0241,0.0191,0.0194,0.3706
09-DEC-2014,KOTARISUG,8.00,8.30,-0.0368,0.0243,0.0252,0.4814
09-DEC-2014,KOTHARIPET,13.55,13.95,-0.0291,0.0306,0.0305,0.5827
09-DEC-2014,KOTHARIPRO,236.10,250.30,-0.0584,0.0458,0.0467,0.8922
09-DEC-2014,KOVAI,477.85,479.70,-0.0039,0.0263,0.0255,0.4872
09-DEC-2014,KPIT,178.65,182.60,-0.0219,0.0235,0.0234,0.4471
09-DEC-2014,KPRMILL,366.55,375.60,-0.0244,0.0331,0.0326,0.6228
09-DEC-2014,KRBL,91.90,91.90,0.0000,0.0256,0.0248,0.4738
09-DEC-2014,KRISHNAENG,0.45,0.50,-0.1054,0.0512,0.0559,1.0680
09-DEC-2014,KRITIIND,8.25,8.50,-0.0299,0.0410,0.0404,0.7718
09-DEC-2014,KSBPUMPS,573.15,581.70,-0.0148,0.0310,0.0303,0.5789
09-DEC-2014,KSCL,782.90,778.50,0.0056,0.0219,0.0213,0.4069
09-DEC-2014,KSE,589.90,600.00,-0.0170,0.0285,0.0279,0.5330
09-DEC-2014,KSERASERA,13.00,13.00,0.0000,0.0334,0.0324,0.6190
09-DEC-2014,KSK,74.20,72.35,0.0252,0.0254,0.0254,0.4853
09-DEC-2014,KSL,151.85,156.80,-0.0321,0.0270,0.0273,0.5216
09-DEC-2014,KTIL,411.30,396.90,0.0356,0.0396,0.0394,0.7527
09-DEC-2014,KTKBANK,146.60,150.00,-0.0229,0.0260,0.0258,0.4929
09-DEC-2014,KWALITY,42.70,44.35,-0.0379,0.0189,0.0205,0.3917
09-DEC-2014,L&TFH,70.75,73.25,-0.0347,0.0166,0.0182,0.3477
09-DEC-2014,LAKPRE,47.90,49.75,-0.0379,0.0338,0.0341,0.6515
09-DEC-2014,LAKSHMIEFL,13.45,13.60,-0.0111,0.0393,0.0382,0.7298
09-DEC-2014,LAKSHMIFIN,23.90,23.90,0.0000,0.0183,0.0177,0.3382
09-DEC-2014,LAKSHMIMIL,2500.00,2498.50,0.0006,0.0245,0.0238,0.4547
09-DEC-2014,LAKSHVILAS,80.50,82.40,-0.0233,0.0160,0.0165,0.3152
09-DEC-2014,LANCOIN,67.70,71.15,-0.0497,0.0315,0.0329,0.6286
09-DEC-2014,LAOPALA,412.95,426.75,-0.0329,0.0318,0.0319,0.6094
09-DEC-2014,LAXMIMACH,4043.65,4118.90,-0.0184,0.0170,0.0171,0.3267
09-DEC-2014,LCCINFOTEC,0.55,0.50,0.0953,0.0891,0.0895,1.7099
09-DEC-2014,LGBBROSLTD,626.15,635.05,-0.0141,0.0176,0.0174,0.3324
09-DEC-2014,LGBFORGE,3.35,3.55,-0.0580,0.0351,0.0369,0.7050
09-DEC-2014,LIBERTSHOE,246.40,258.15,-0.0466,0.0198,0.0223,0.4260
09-DEC-2014,LICHSGFIN,433.25,437.40,-0.0095,0.0185,0.0181,0.3458
09-DEC-2014,LINDEINDIA,432.65,424.85,0.0182,0.0215,0.0213,0.4069
09-DEC-2014,LIQUIDBEES,999.99,999.99,0.0000,0.0016,0.0016,0.0306
09-DEC-2014,LITL,6.10,6.40,-0.0480,0.0327,0.0338,0.6457
09-DEC-2014,LLOYDELENG,126.45,128.95,-0.0196,0.0348,0.0341,0.6515
09-DEC-2014,LML,8.90,9.55,-0.0705,0.0436,0.0457,0.8731
09-DEC-2014,LOGIXMICRO,23.10,24.20,-0.0465,0.0430,0.0432,0.8253
09-DEC-2014,LOKESHMACH,39.60,39.85,-0.0063,0.0410,0.0398,0.7604
09-DEC-2014,LOTUSEYE,11.10,10.60,0.0461,0.0477,0.0476,0.9094
09-DEC-2014,LOVABLE,388.40,399.05,-0.0271,0.0326,0.0323,0.6171
09-DEC-2014,LPDC,4.65,4.70,-0.0107,0.0343,0.0334,0.6381
09-DEC-2014,LT,1559.60,1601.80,-0.0267,0.0128,0.0140,0.2675
09-DEC-2014,LUMAXAUTO,58.30,58.75,-0.0077,0.0442,0.0429,0.8196
09-DEC-2014,LUMAXIND,427.15,442.65,-0.0356,0.0283,0.0288,0.5502
09-DEC-2014,LUMAXTECH,301.60,307.15,-0.0182,0.0326,0.0319,0.6094
09-DEC-2014,LUPIN,1432.50,1456.30,-0.0165,0.0117,0.0120,0.2293
09-DEC-2014,LYKALABS,26.65,28.00,-0.0494,0.0364,0.0373,0.7126
09-DEC-2014,LYPSAGEMS,67.45,67.95,-0.0074,0.0255,0.0248,0.4738
09-DEC-2014,M&M,1265.65,1248.75,0.0134,0.0189,0.0186,0.3554
09-DEC-2014,M&MFIN,313.50,317.50,-0.0127,0.0222,0.0217,0.4146
09-DEC-2014,M100,12.67,13.23,-0.0432,0.0131,0.0165,0.3152
09-DEC-2014,M50,79.56,80.90,-0.0167,0.0128,0.0131,0.2503
09-DEC-2014,MAANALU,32.35,32.90,-0.0169,0.0441,0.0430,0.8215
09-DEC-2014,MADHAV,43.25,45.50,-0.0507,0.0460,0.0463,0.8846
09-DEC-2014,MADHUCON,35.35,37.15,-0.0497,0.0425,0.0430,0.8215
09-DEC-2014,MADRASFERT,19.05,19.85,-0.0411,0.0256,0.0268,0.5120
09-DEC-2014,MAGMA,104.80,107.40,-0.0245,0.0219,0.0221,0.4222
09-DEC-2014,MAGNUM,3.35,3.20,0.0458,0.0400,0.0404,0.7718
09-DEC-2014,MAHABANK,41.95,42.85,-0.0212,0.0166,0.0169,0.3229
09-DEC-2014,MAHINDCIE,238.85,242.60,-0.0156,0.0366,0.0357,0.6820
09-DEC-2014,MAHINDUGIN,605.15,606.95,-0.0030,0.0323,0.0313,0.5980
09-DEC-2014,MAHLIFE,487.80,493.75,-0.0121,0.0148,0.0147,0.2808
09-DEC-2014,MAHSCOOTER,1031.65,1006.40,0.0248,0.0154,0.0161,0.3076
09-DEC-2014,MAHSEAMLES,272.60,275.60,-0.0109,0.0211,0.0206,0.3936
09-DEC-2014,MAITHANALL,189.90,193.00,-0.0162,0.0329,0.0321,0.6133
09-DEC-2014,MAKE,968.90,1073.25,-0.1023,0.0471,0.0521,0.9954
09-DEC-2014,MALUPAPER,11.70,11.70,0.0000,0.0491,0.0476,0.9094
09-DEC-2014,MALWACOTT,12.50,12.50,0.0000,0.0276,0.0268,0.5120
09-DEC-2014,MANAKSIA,54.65,52.05,0.0487,0.0379,0.0386,0.7375
09-DEC-2014,MANALIPETC,15.45,15.85,-0.0256,0.0322,0.0318,0.6075
09-DEC-2014,MANAPPURAM,35.45,36.15,-0.0196,0.0297,0.0292,0.5579
09-DEC-2014,MANDHANA,285.85,287.95,-0.0073,0.0244,0.0237,0.4528
09-DEC-2014,MANGALAM,22.00,21.40,0.0277,0.0422,0.0415,0.7929
09-DEC-2014,MANGCHEFER,89.30,89.40,-0.0011,0.0403,0.0391,0.7470
09-DEC-2014,MANGLMCEM,306.55,312.75,-0.0200,0.0224,0.0223,0.4260
09-DEC-2014,MANGTIMBER,10.85,11.20,-0.0317,0.0403,0.0398,0.7604
09-DEC-2014,MANINDS,70.95,73.40,-0.0339,0.0371,0.0369,0.7050
09-DEC-2014,MANINFRA,30.05,30.35,-0.0099,0.0482,0.0468,0.8941
09-DEC-2014,MANJEERA,50.20,50.20,0.0000,0.0293,0.0284,0.5426
09-DEC-2014,MANJUSHREE,404.60,407.65,-0.0075,0.0418,0.0406,0.7757
09-DEC-2014,MANUGRAPH,38.35,40.50,-0.0545,0.0413,0.0422,0.8062
09-DEC-2014,MARALOVER,19.45,19.30,0.0077,0.0333,0.0323,0.6171
09-DEC-2014,MARG,13.05,13.90,-0.0631,0.0352,0.0375,0.7164
09-DEC-2014,MARICO,322.70,322.50,0.0006,0.0147,0.0143,0.2732
09-DEC-2014,MARKSANS,53.45,55.65,-0.0403,0.0297,0.0304,0.5808
09-DEC-2014,MARUTI,3336.55,3379.85,-0.0129,0.0114,0.0115,0.2197
09-DEC-2014,MASTEK,259.30,261.60,-0.0088,0.0208,0.0203,0.3878
09-DEC-2014,MAWANASUG,10.75,11.25,-0.0455,0.0369,0.0375,0.7164
09-DEC-2014,MAX,388.30,384.80,0.0091,0.0304,0.0296,0.5655
09-DEC-2014,MAXWELL,34.25,34.50,-0.0073,0.0444,0.0431,0.8234
09-DEC-2014,MAYURUNIQ,434.65,432.30,0.0054,0.0145,0.0141,0.2694
09-DEC-2014,MBECL,84.10,84.30,-0.0024,0.0220,0.0213,0.4069
09-DEC-2014,MBLINFRA,376.85,384.75,-0.0207,0.0242,0.0240,0.4585
09-DEC-2014,MCDHOLDING,30.35,31.55,-0.0388,0.0462,0.0458,0.8750
09-DEC-2014,MCDOWELL-N,2779.35,2839.60,-0.0214,0.0214,0.0214,0.4088
09-DEC-2014,MCLEODRUSS,229.30,235.30,-0.0258,0.0165,0.0172,0.3286
09-DEC-2014,MCX,853.60,868.35,-0.0171,0.0175,0.0175,0.3343
09-DEC-2014,MEGASOFT,6.20,6.70,-0.0776,0.0319,0.0363,0.6935
09-DEC-2014,MEGH,23.80,25.50,-0.0690,0.0403,0.0426,0.8139
09-DEC-2014,MELSTAR,7.60,7.60,0.0000,0.0338,0.0328,0.6266
09-DEC-2014,MERCATOR,27.65,29.20,-0.0545,0.0325,0.0342,0.6534
09-DEC-2014,MERCK,849.65,888.35,-0.0445,0.0214,0.0234,0.4471
09-DEC-2014,METKORE,8.30,8.40,-0.0120,0.0529,0.0514,0.9820
09-DEC-2014,MGOLD,2490.90,2541.80,-0.0202,0.0097,0.0106,0.2025
09-DEC-2014,MHRIL,264.10,267.30,-0.0120,0.0172,0.0169,0.3229
09-DEC-2014,MIC,7.55,6.90,0.0900,0.0526,0.0556,1.0622
09-DEC-2014,MICROSEC,78.50,80.50,-0.0252,0.0355,0.0350,0.6687
09-DEC-2014,MINDACORP,741.45,769.00,-0.0365,0.0279,0.0285,0.5445
09-DEC-2014,MINDAIND,589.35,591.95,-0.0044,0.0308,0.0299,0.5712
09-DEC-2014,MINDTREE,1184.85,1184.90,-0.0000,0.0204,0.0198,0.3783
09-DEC-2014,MIRCELECTR,9.70,9.15,0.0584,0.0300,0.0324,0.6190
09-DEC-2014,MIRZAINT,42.80,43.35,-0.0128,0.0309,0.0301,0.5751
09-DEC-2014,MMFL,517.35,519.70,-0.0045,0.0304,0.0295,0.5636
09-DEC-2014,MMTC,58.40,60.00,-0.0270,0.0198,0.0203,0.3878
09-DEC-2014,MMWL,7.00,6.70,0.0438,0.0289,0.0300,0.5731
09-DEC-2014,MOHITIND,45.55,49.05,-0.0740,0.0456,0.0478,0.9132
09-DEC-2014,MOIL,301.60,305.45,-0.0127,0.0122,0.0122,0.2331
09-DEC-2014,MONNETISPA,69.15,71.80,-0.0376,0.0233,0.0244,0.4662
09-DEC-2014,MONSANTO,3080.60,3157.05,-0.0245,0.0293,0.0290,0.5540
09-DEC-2014,MORARJEE,46.00,47.35,-0.0289,0.0288,0.0288,0.5502
09-DEC-2014,MOREPENLAB,9.45,9.80,-0.0364,0.0390,0.0388,0.7413
09-DEC-2014,MOSERBAER,8.70,9.05,-0.0394,0.0478,0.0473,0.9037
09-DEC-2014,MOTHERSUMI,416.35,424.40,-0.0192,0.0173,0.0174,0.3324
09-DEC-2014,MOTILALOFS,262.55,273.30,-0.0401,0.0301,0.0308,0.5884
09-DEC-2014,MOTOGENFIN,37.10,36.15,0.0259,0.0247,0.0248,0.4738
09-DEC-2014,MPHASIS,400.90,398.00,0.0073,0.0119,0.0117,0.2235
09-DEC-2014,MPSLTD,751.30,759.05,-0.0103,0.0393,0.0382,0.7298
09-DEC-2014,MRF,37073.25,37831.65,-0.0203,0.0243,0.0241,0.4604
09-DEC-2014,MRO-TEK,13.70,13.30,0.0296,0.0416,0.0410,0.7833
09-DEC-2014,MRPL,51.70,53.15,-0.0277,0.0235,0.0238,0.4547
09-DEC-2014,MSPL,15.60,15.50,0.0064,0.0335,0.0325,0.6209
09-DEC-2014,MTEDUCARE,126.05,126.80,-0.0059,0.0202,0.0196,0.3745
09-DEC-2014,MTNL,27.75,28.55,-0.0284,0.0298,0.0297,0.5674
09-DEC-2014,MUDRA,11.90,12.50,-0.0492,0.0347,0.0357,0.6820
09-DEC-2014,MUKANDENGG,34.40,34.80,-0.0116,0.0274,0.0267,0.5101
09-DEC-2014,MUKANDLTD,46.45,47.90,-0.0307,0.0343,0.0341,0.6515
09-DEC-2014,MUKTAARTS,27.85,28.30,-0.0160,0.0278,0.0272,0.5197
09-DEC-2014,MUNJALAU,113.25,116.10,-0.0249,0.0290,0.0288,0.5502
09-DEC-2014,MUNJALSHOW,201.60,215.90,-0.0685,0.0307,0.0342,0.6534
09-DEC-2014,MURLIIND,6.00,6.10,-0.0165,0.0295,0.0289,0.5521
09-DEC-2014,MURUDCERA,21.65,22.80,-0.0518,0.0231,0.0257,0.4910
09-DEC-2014,MUTHOOTFIN,195.50,196.15,-0.0033,0.0147,0.0143,0.2732
09-DEC-2014,MVL,0.75,0.75,0.0000,0.0302,0.0293,0.5598
09-DEC-2014,MYSOREBANK,544.10,546.70,-0.0048,0.0186,0.0181,0.3458
09-DEC-2014,N100,277.00,277.43,-0.0016,0.0112,0.0109,0.2082
09-DEC-2014,NAGAROIL,4.10,4.25,-0.0359,0.0271,0.0277,0.5292
09-DEC-2014,NAGREEKCAP,22.80,21.80,0.0449,0.0575,0.0568,1.0852
09-DEC-2014,NAGREEKEXP,28.00,28.15,-0.0053,0.0343,0.0333,0.6362
09-DEC-2014,NAHARCAP,93.15,95.55,-0.0254,0.0392,0.0385,0.7355
09-DEC-2014,NAHARINDUS,59.95,60.00,-0.0008,0.0242,0.0235,0.4490
09-DEC-2014,NAHARPOLY,32.70,33.50,-0.0242,0.0464,0.0454,0.8674
09-DEC-2014,NAHARSPING,99.15,101.45,-0.0229,0.0495,0.0483,0.9228
09-DEC-2014,NAKODA,2.25,2.35,-0.0435,0.0380,0.0384,0.7336
09-DEC-2014,NATCOPHARM,1415.65,1473.85,-0.0403,0.0296,0.0303,0.5789
09-DEC-2014,NATHBIOGEN,138.50,139.75,-0.0090,0.0312,0.0303,0.5789
09-DEC-2014,NATIONALUM,55.15,56.90,-0.0312,0.0207,0.0215,0.4108
09-DEC-2014,NATNLSTEEL,18.95,19.10,-0.0079,0.0204,0.0199,0.3802
09-DEC-2014,NAUKRI,914.20,939.40,-0.0272,0.0188,0.0194,0.3706
09-DEC-2014,NAVINFLUOR,585.60,592.40,-0.0115,0.0144,0.0142,0.2713
09-DEC-2014,NAVNETEDUL,97.00,97.10,-0.0010,0.0102,0.0099,0.1891
09-DEC-2014,NBCC,852.20,857.55,-0.0063,0.0351,0.0341,0.6515
09-DEC-2014,NBVENTURES,208.65,211.50,-0.0136,0.0133,0.0133,0.2541
09-DEC-2014,NCC,79.35,76.50,0.0366,0.0518,0.0510,0.9744
09-DEC-2014,NCLIND,39.70,41.50,-0.0443,0.0270,0.0283,0.5407
09-DEC-2014,NCOPPER,1.85,1.80,0.0274,0.0432,0.0424,0.8101
09-DEC-2014,NDL,52.35,51.25,0.0212,0.0360,0.0353,0.6744
09-DEC-2014,NDTV,121.15,127.45,-0.0507,0.0395,0.0403,0.7699
09-DEC-2014,NECLIFE,35.20,36.30,-0.0308,0.0293,0.0294,0.5617
09-DEC-2014,NEHAINT,9.85,9.75,0.0102,0.0443,0.0430,0.8215
09-DEC-2014,NELCAST,35.05,35.65,-0.0170,0.0282,0.0277,0.5292
09-DEC-2014,NELCO,84.60,85.85,-0.0147,0.0405,0.0394,0.7527
09-DEC-2014,NEOCORP,38.20,40.15,-0.0498,0.0347,0.0358,0.6840
09-DEC-2014,NEPCMICON,2.80,2.90,-0.0351,0.0303,0.0306,0.5846
09-DEC-2014,NESCO,1356.40,1379.85,-0.0171,0.0219,0.0216,0.4127
09-DEC-2014,NESTLEIND,6305.45,6335.75,-0.0048,0.0139,0.0135,0.2579
09-DEC-2014,NET4,4.85,5.10,-0.0503,0.0603,0.0597,1.1406
09-DEC-2014,NETWORK18,59.65,63.65,-0.0649,0.0374,0.0396,0.7566
09-DEC-2014,NEULANDLAB,448.95,462.50,-0.0297,0.0276,0.0277,0.5292
09-DEC-2014,NEXTMEDIA,13.45,13.75,-0.0221,0.0425,0.0416,0.7948
09-DEC-2014,NEYVELILIG,82.90,84.30,-0.0167,0.0188,0.0187,0.3573
09-DEC-2014,NFL,37.05,38.90,-0.0487,0.0252,0.0272,0.5197
09-DEC-2014,NGCT,1.35,1.30,0.0377,0.0609,0.0598,1.1425
09-DEC-2014,NHPC,19.35,19.65,-0.0154,0.0146,0.0146,0.2789
09-DEC-2014,NIBL,30.45,30.30,0.0049,0.0478,0.0464,0.8865
09-DEC-2014,NICCO,0.75,0.80,-0.0645,0.0495,0.0505,0.9648
09-DEC-2014,NIFTYBEES,845.92,855.48,-0.0112,0.0064,0.0068,0.1299
09-DEC-2014,NIITLTD,52.35,54.75,-0.0448,0.0306,0.0316,0.6037
09-DEC-2014,NIITTECH,371.80,367.95,0.0104,0.0165,0.0162,0.3095
09-DEC-2014,NILKAMAL,428.75,450.30,-0.0490,0.0405,0.0411,0.7852
09-DEC-2014,NIPPOBATRY,739.20,756.50,-0.0231,0.0248,0.0247,0.4719
09-DEC-2014,NITCO,24.30,24.50,-0.0082,0.0379,0.0368,0.7031
09-DEC-2014,NITESHEST,11.60,11.75,-0.0128,0.0284,0.0277,0.5292
09-DEC-2014,NITINFIRE,31.65,31.85,-0.0063,0.0293,0.0284,0.5426
09-DEC-2014,NITINSPIN,28.85,29.80,-0.0324,0.0307,0.0308,0.5884
09-DEC-2014,NMDC,140.00,139.90,0.0007,0.0185,0.0179,0.3420
09-DEC-2014,NOCIL,38.15,39.30,-0.0297,0.0314,0.0313,0.5980
09-DEC-2014,NOESISIND,0.50,0.50,0.0000,0.0595,0.0577,1.1024
09-DEC-2014,NOIDATOLL,33.45,34.05,-0.0178,0.0158,0.0159,0.3038
09-DEC-2014,NOL,55.70,51.90,0.0707,0.0393,0.0418,0.7986
09-DEC-2014,NORBTEAEXP,6.30,6.35,-0.0079,0.0235,0.0229,0.4375
09-DEC-2014,NRBBEARING,128.35,132.50,-0.0318,0.0241,0.0246,0.4700
09-DEC-2014,NSIL,800.30,815.00,-0.0182,0.0196,0.0195,0.3725
09-DEC-2014,NTPC,134.95,139.90,-0.0360,0.0125,0.0150,0.2866
09-DEC-2014,NUCLEUS,203.40,208.40,-0.0243,0.0231,0.0232,0.4432
09-DEC-2014,NUTEK,0.60,0.60,0.0000,0.0463,0.0449,0.8578
09-DEC-2014,OBEROIRLTY,267.55,272.55,-0.0185,0.0246,0.0243,0.4643
09-DEC-2014,OCL,395.60,393.55,0.0052,0.0464,0.0450,0.8597
09-DEC-2014,OFSS,3293.50,3336.70,-0.0130,0.0160,0.0158,0.3019
09-DEC-2014,OIL,573.05,577.70,-0.0081,0.0171,0.0167,0.3191
09-DEC-2014,OILCOUNTUB,38.15,39.75,-0.0411,0.0303,0.0311,0.5942
09-DEC-2014,OISL,21.15,20.65,0.0239,0.0276,0.0274,0.5235
09-DEC-2014,OMAXAUTO,61.10,61.95,-0.0138,0.0422,0.0411,0.7852
09-DEC-2014,OMAXE,124.10,124.85,-0.0060,0.0089,0.0088,0.1681
09-DEC-2014,OMKARCHEM,153.10,155.20,-0.0136,0.0193,0.0190,0.3630
09-DEC-2014,OMMETALS,27.10,27.75,-0.0237,0.0334,0.0329,0.6286
09-DEC-2014,OMNITECH,10.95,9.70,0.1212,0.0405,0.0492,0.9400
09-DEC-2014,ONELIFECAP,127.40,132.85,-0.0419,0.0377,0.0380,0.7260
09-DEC-2014,ONGC,352.10,368.30,-0.0450,0.0175,0.0202,0.3859
09-DEC-2014,ONMOBILE,69.80,66.50,0.0484,0.0550,0.0546,1.0431
09-DEC-2014,ONWARDTEC,56.95,60.10,-0.0538,0.0398,0.0408,0.7795
09-DEC-2014,OPTOCIRCUI,25.60,24.80,0.0317,0.0467,0.0459,0.8769
09-DEC-2014,ORBITCORP,14.95,15.30,-0.0231,0.0321,0.0316,0.6037
09-DEC-2014,ORBTEXP,393.30,411.00,-0.0440,0.0355,0.0361,0.6897
09-DEC-2014,ORCHIDCHEM,71.45,73.15,-0.0235,0.0215,0.0216,0.4127
09-DEC-2014,ORIENTABRA,23.00,23.40,-0.0172,0.0129,0.0132,0.2522
09-DEC-2014,ORIENTALTL,2.75,2.85,-0.0357,0.0392,0.0390,0.7451
09-DEC-2014,ORIENTBANK,308.60,318.65,-0.0320,0.0269,0.0272,0.5197
09-DEC-2014,ORIENTBELL,103.05,112.10,-0.0842,0.0460,0.0491,0.9381
09-DEC-2014,ORIENTCEM,148.40,149.45,-0.0071,0.0212,0.0206,0.3936
09-DEC-2014,ORIENTHOT,25.00,25.60,-0.0237,0.0311,0.0307,0.5865
09-DEC-2014,ORIENTLTD,83.00,83.00,0.0000,0.0527,0.0511,0.9763
09-DEC-2014,ORIENTPPR,26.95,27.80,-0.0311,0.0268,0.0271,0.5177
09-DEC-2014,ORIENTREF,98.90,101.10,-0.0220,0.0211,0.0212,0.4050
09-DEC-2014,ORISSAMINE,3064.40,3169.05,-0.0336,0.0192,0.0204,0.3897
09-DEC-2014,OSWALMIN,30.25,31.50,-0.0405,0.0401,0.0401,0.7661
09-DEC-2014,OUDHSUG,19.65,20.50,-0.0423,0.0291,0.0301,0.5751
09-DEC-2014,PAEL,11.15,10.15,0.0940,0.0504,0.0540,1.0317
09-DEC-2014,PAGEIND,10743.65,10780.50,-0.0034,0.0203,0.0197,0.3764
09-DEC-2014,PALRED,17.70,18.05,-0.0196,0.0602,0.0586,1.1196
09-DEC-2014,PANACEABIO,155.45,153.55,0.0123,0.0184,0.0181,0.3458
09-DEC-2014,PANAMAPET,64.15,61.00,0.0504,0.0250,0.0272,0.5197
09-DEC-2014,PANASONIC,250.10,252.10,-0.0080,0.0327,0.0318,0.6075
09-DEC-2014,PANCARBON,244.40,252.80,-0.0338,0.0328,0.0329,0.6286
09-DEC-2014,PANCHSHEEL,28.10,30.20,-0.0721,0.0523,0.0537,1.0259
09-DEC-2014,PANORAMUNI,12.10,12.25,-0.0123,0.0297,0.0290,0.5540
09-DEC-2014,PAPERPROD,174.50,177.45,-0.0168,0.0241,0.0237,0.4528
09-DEC-2014,PARABDRUGS,9.10,8.95,0.0166,0.0443,0.0431,0.8234
09-DEC-2014,PARACABLES,2.25,2.15,0.0455,0.0386,0.0390,0.7451
09-DEC-2014,PARAPRINT,0.75,0.75,0.0000,0.0315,0.0305,0.5827
09-DEC-2014,PARASPETRO,0.30,0.30,0.0000,0.0855,0.0829,1.5838
09-DEC-2014,PARRYSUGAR,22.25,20.55,0.0795,0.0361,0.0401,0.7661
09-DEC-2014,PARSVNATH,18.35,18.80,-0.0242,0.0184,0.0188,0.3592
09-DEC-2014,PATELENG,103.00,106.85,-0.0367,0.0441,0.0437,0.8349
09-DEC-2014,PATINTLOG,119.15,116.35,0.0238,0.0600,0.0585,1.1176
09-DEC-2014,PATSPINLTD,8.70,9.25,-0.0613,0.0316,0.0341,0.6515
09-DEC-2014,PBAINFRA,17.50,18.65,-0.0636,0.0340,0.0365,0.6973
09-DEC-2014,PCJEWELLER,228.95,233.95,-0.0216,0.0313,0.0308,0.5884
09-DEC-2014,PDPL,24.40,24.60,-0.0082,0.0248,0.0241,0.4604
09-DEC-2014,PDSMFL,191.00,192.75,-0.0091,0.0441,0.0428,0.8177
09-DEC-2014,PDUMJEIND,10.90,10.65,0.0232,0.0309,0.0305,0.5827
09-DEC-2014,PDUMJEPULP,15.20,15.50,-0.0195,0.0221,0.0220,0.4203
09-DEC-2014,PEARLPOLY,17.05,18.05,-0.0570,0.0351,0.0368,0.7031
09-DEC-2014,PEL,808.40,839.25,-0.0375,0.0197,0.0212,0.4050
09-DEC-2014,PENIND,57.50,59.00,-0.0258,0.0294,0.0292,0.5579
09-DEC-2014,PENINLAND,33.15,34.40,-0.0370,0.0229,0.0240,0.4585
09-DEC-2014,PERIATEA,127.00,124.00,0.0239,0.0334,0.0329,0.6286
09-DEC-2014,PERSISTENT,1554.40,1554.40,0.0000,0.0322,0.0312,0.5961
09-DEC-2014,PETRONENGG,159.90,165.60,-0.0350,0.0465,0.0459,0.8769
09-DEC-2014,PETRONET,190.05,194.45,-0.0229,0.0178,0.0181,0.3458
09-DEC-2014,PFC,276.75,292.70,-0.0560,0.0237,0.0268,0.5120
09-DEC-2014,PFIZER,1959.70,2015.80,-0.0282,0.0216,0.0221,0.4222
09-DEC-2014,PFOCUS,50.60,50.60,0.0000,0.0090,0.0087,0.1662
09-DEC-2014,PFRL,111.45,113.90,-0.0217,0.0188,0.0190,0.3630
09-DEC-2014,PFS,54.50,55.15,-0.0119,0.0283,0.0276,0.5273
09-DEC-2014,PGEL,91.25,93.75,-0.0270,0.0500,0.0489,0.9342
09-DEC-2014,PGHH,5829.85,5938.80,-0.0185,0.0188,0.0188,0.3592
09-DEC-2014,PGIL,222.45,222.40,0.0002,0.0142,0.0138,0.2636
09-DEC-2014,PHILIPCARB,141.60,145.35,-0.0261,0.0410,0.0403,0.7699
09-DEC-2014,PHOENIXLL,119.20,122.35,-0.0261,0.0204,0.0208,0.3974
09-DEC-2014,PHOENIXLTD,379.00,382.00,-0.0079,0.0184,0.0179,0.3420
09-DEC-2014,PIDILITIND,484.70,483.80,0.0019,0.0220,0.0213,0.4069
09-DEC-2014,PIIND,489.05,497.65,-0.0174,0.0341,0.0333,0.6362
09-DEC-2014,PILANIINV,1452.30,1470.00,-0.0121,0.0134,0.0133,0.2541
09-DEC-2014,PILIND,18.80,18.15,0.0352,0.0338,0.0339,0.6477
09-DEC-2014,PIONDIST,34.05,36.45,-0.0681,0.0428,0.0447,0.8540
09-DEC-2014,PIONEEREMB,17.70,17.75,-0.0028,0.0563,0.0546,1.0431
09-DEC-2014,PIPAVAVDOC,43.30,45.10,-0.0407,0.0382,0.0384,0.7336
09-DEC-2014,PIRPHYTO,40.90,44.50,-0.0844,0.0585,0.0604,1.1539
09-DEC-2014,PITTILAM,58.00,60.50,-0.0422,0.0290,0.0300,0.5731
09-DEC-2014,PLASTIBLEN,261.30,275.65,-0.0535,0.0264,0.0288,0.5502
09-DEC-2014,PLETHICO,42.80,43.90,-0.0254,0.0541,0.0528,1.0087
09-DEC-2014,PNB,1084.65,1110.50,-0.0236,0.0225,0.0226,0.4318
09-DEC-2014,PNBGILTS,28.05,28.55,-0.0177,0.0228,0.0225,0.4299
09-DEC-2014,PNC,16.70,17.10,-0.0237,0.0382,0.0375,0.7164
09-DEC-2014,POCHIRAJU,34.60,36.30,-0.0480,0.0465,0.0466,0.8903
09-DEC-2014,POLARIND,1.95,1.95,0.0000,0.0016,0.0016,0.0306
09-DEC-2014,POLARIS,196.10,205.45,-0.0466,0.0284,0.0298,0.5693
09-DEC-2014,POLYMED,903.65,900.05,0.0040,0.0165,0.0160,0.3057
09-DEC-2014,POLYPLEX,223.70,228.50,-0.0212,0.0251,0.0249,0.4757
09-DEC-2014,PONDYOXIDE,46.10,46.30,-0.0043,0.0435,0.0422,0.8062
09-DEC-2014,PONNIERODE,145.85,141.10,0.0331,0.0347,0.0346,0.6610
09-DEC-2014,POWERGRID,134.95,135.85,-0.0066,0.0141,0.0138,0.2636
09-DEC-2014,PPAP,119.65,122.15,-0.0207,0.0351,0.0344,0.6572
09-DEC-2014,PRADIP,1.95,1.95,0.0000,0.0323,0.0313,0.5980
09-DEC-2014,PRAENG,8.80,9.10,-0.0335,0.0359,0.0358,0.6840
09-DEC-2014,PRAJIND,66.35,69.65,-0.0485,0.0288,0.0303,0.5789
09-DEC-2014,PRAKASH,57.15,59.45,-0.0395,0.0386,0.0387,0.7394
09-DEC-2014,PRAKASHCON,2.40,2.50,-0.0408,0.0366,0.0369,0.7050
09-DEC-2014,PRAKASHSTL,119.95,125.60,-0.0460,0.0427,0.0429,0.8196
09-DEC-2014,PRATIBHA,44.15,44.35,-0.0045,0.0330,0.0320,0.6114
09-DEC-2014,PRECOT,77.95,69.35,0.1169,0.0254,0.0378,0.7222
09-DEC-2014,PRECWIRE,135.25,138.55,-0.0241,0.0331,0.0326,0.6228
09-DEC-2014,PREMIER,56.00,55.85,0.0027,0.0218,0.0211,0.4031
09-DEC-2014,PREMIERPOL,8.60,9.05,-0.0510,0.0231,0.0256,0.4891
09-DEC-2014,PRESSMN,27.35,27.60,-0.0091,0.0610,0.0592,1.1310
09-DEC-2014,PRESTIGE,241.00,245.45,-0.0183,0.0223,0.0221,0.4222
09-DEC-2014,PRICOL,42.35,44.45,-0.0484,0.0276,0.0293,0.5598
09-DEC-2014,PRIMESECU,6.55,7.05,-0.0736,0.0669,0.0673,1.2858
09-DEC-2014,PRISMCEM,78.25,83.60,-0.0661,0.0230,0.0276,0.5273
09-DEC-2014,PRITHVI,3.45,3.20,0.0752,0.0347,0.0384,0.7336
09-DEC-2014,PRITHVISOF,25.20,25.20,0.0000,0.0380,0.0368,0.7031
09-DEC-2014,PROVOGE,7.05,7.25,-0.0280,0.0483,0.0473,0.9037
09-DEC-2014,PROZONINTU,21.20,22.65,-0.0662,0.0530,0.0539,1.0298
09-DEC-2014,PSB,60.30,61.95,-0.0270,0.0247,0.0248,0.4738
09-DEC-2014,PSL,14.80,15.00,-0.0134,0.0261,0.0255,0.4872
09-DEC-2014,PSUBNKBEES,458.26,468.66,-0.0224,0.0199,0.0201,0.3840
09-DEC-2014,PTC,93.25,96.60,-0.0353,0.0235,0.0244,0.4662
09-DEC-2014,PTL,39.65,39.25,0.0101,0.0284,0.0276,0.5273
09-DEC-2014,PUNJABCHEM,106.10,105.35,0.0071,0.0373,0.0362,0.6916
09-DEC-2014,PUNJLLOYD,37.20,38.85,-0.0434,0.0334,0.0341,0.6515
09-DEC-2014,PURVA,84.75,85.80,-0.0123,0.0227,0.0222,0.4241
09-DEC-2014,PVP,7.65,7.90,-0.0322,0.0326,0.0326,0.6228
09-DEC-2014,PVR,692.90,703.70,-0.0155,0.0169,0.0168,0.3210
09-DEC-2014,QGOLDHALF,1225.40,1226.40,-0.0008,0.0099,0.0096,0.1834
09-DEC-2014,QNIFTY,878.40,886.20,-0.0088,0.0074,0.0075,0.1433
09-DEC-2014,QUINTEGRA,1.25,1.25,0.0000,0.0326,0.0316,0.6037
09-DEC-2014,RADAAN,1.10,1.15,-0.0445,0.0435,0.0436,0.8330
09-DEC-2014,RADICO,93.30,98.05,-0.0497,0.0333,0.0345,0.6591
09-DEC-2014,RAIN,45.20,46.05,-0.0186,0.0221,0.0219,0.4184
09-DEC-2014,RAINBOWPAP,73.00,74.00,-0.0136,0.0074,0.0079,0.1509
09-DEC-2014,RAIREKMOH,137.75,138.75,-0.0072,0.0565,0.0548,1.0470
09-DEC-2014,RAJESHEXPO,163.75,168.45,-0.0283,0.0315,0.0313,0.5980
09-DEC-2014,RAJOIL,1.75,1.70,0.0290,0.0234,0.0238,0.4547
09-DEC-2014,RAJPALAYAM,308.90,317.10,-0.0262,0.0166,0.0173,0.3305
09-DEC-2014,RAJRAYON,0.50,0.50,0.0000,0.0801,0.0777,1.4845
09-DEC-2014,RAJSREESUG,22.50,23.35,-0.0371,0.0314,0.0318,0.6075
09-DEC-2014,RAJTV,112.40,112.55,-0.0013,0.0092,0.0089,0.1700
09-DEC-2014,RAJVIR,56.00,55.30,0.0126,0.0557,0.0541,1.0336
09-DEC-2014,RALLIS,212.70,214.85,-0.0101,0.0149,0.0147,0.2808
09-DEC-2014,RAMANEWS,7.55,7.75,-0.0261,0.0479,0.0469,0.8960
09-DEC-2014,RAMCOCEM,328.75,325.35,0.0104,0.0156,0.0153,0.2923
09-DEC-2014,RAMCOIND,80.05,80.70,-0.0081,0.0348,0.0338,0.6457
09-DEC-2014,RAMCOSYS,495.65,496.10,-0.0009,0.0338,0.0328,0.6266
09-DEC-2014,RAMKY,51.95,53.25,-0.0247,0.0336,0.0331,0.6324
09-DEC-2014,RAMSARUP,2.40,2.40,0.0000,0.0307,0.0298,0.5693
09-DEC-2014,RANASUG,3.20,3.25,-0.0155,0.0359,0.0350,0.6687
09-DEC-2014,RANBAXY,648.10,625.65,0.0353,0.0175,0.0190,0.3630
09-DEC-2014,RANEENGINE,583.95,589.35,-0.0092,0.0347,0.0337,0.6438
09-DEC-2014,RANEHOLDIN,672.75,685.70,-0.0191,0.0240,0.0237,0.4528
09-DEC-2014,RANKLIN,2.65,2.65,0.0000,0.0208,0.0202,0.3859
09-DEC-2014,RASOYPR,2.65,2.60,0.0190,0.0676,0.0657,1.2552
09-DEC-2014,RATNAMANI,591.45,592.75,-0.0022,0.0297,0.0288,0.5502
09-DEC-2014,RAYMOND,548.10,565.75,-0.0317,0.0292,0.0294,0.5617
09-DEC-2014,RBL,284.90,293.20,-0.0287,0.0290,0.0290,0.5540
09-DEC-2014,RCF,67.25,69.65,-0.0351,0.0293,0.0297,0.5674
09-DEC-2014,RCOM,95.85,99.05,-0.0328,0.0287,0.0290,0.5540
09-DEC-2014,RECLTD,309.50,320.00,-0.0334,0.0251,0.0257,0.4910
09-DEC-2014,REDINGTON,132.55,139.05,-0.0479,0.0298,0.0312,0.5961
09-DEC-2014,REFEX,7.10,7.45,-0.0481,0.0637,0.0629,1.2017
09-DEC-2014,REGENCERAM,3.95,4.10,-0.0373,0.0253,0.0262,0.5006
09-DEC-2014,REIAGROLTD,1.65,1.65,0.0000,0.0350,0.0339,0.6477
09-DEC-2014,REISIXTEN,0.35,0.35,0.0000,0.0873,0.0846,1.6163
09-DEC-2014,RELAXO,502.15,514.40,-0.0241,0.0198,0.0201,0.3840
09-DEC-2014,RELBANK,1958.45,1992.30,-0.0171,0.0143,0.0145,0.2770
09-DEC-2014,RELCAPITAL,515.50,526.15,-0.0204,0.0266,0.0263,0.5025
09-DEC-2014,RELCNX100,87.50,87.50,0.0000,0.0390,0.0378,0.7222
09-DEC-2014,RELCONS,36.00,36.00,0.0000,0.0549,0.0532,1.0164
09-DEC-2014,RELDIVOPP,21.80,21.80,0.0000,0.0332,0.0322,0.6152
09-DEC-2014,RELGOLD,2365.15,2350.05,0.0064,0.0087,0.0086,0.1643
09-DEC-2014,RELGRNIFTY,810.00,820.00,-0.0123,0.0166,0.0164,0.3133
09-DEC-2014,RELIANCE,939.85,944.60,-0.0050,0.0123,0.0120,0.2293
09-DEC-2014,RELIGARE,316.35,321.15,-0.0151,0.0198,0.0195,0.3725
09-DEC-2014,RELIGAREGO,2501.00,2500.00,0.0004,0.0108,0.0105,0.2006
09-DEC-2014,RELINFRA,553.15,572.55,-0.0345,0.0228,0.0237,0.4528
09-DEC-2014,RELNIFTY,88.95,88.95,0.0000,0.0172,0.0167,0.3191
09-DEC-2014,REMSONSIND,32.40,32.40,0.0000,0.0472,0.0458,0.8750
09-DEC-2014,RENUKA,16.05,16.45,-0.0246,0.0234,0.0235,0.4490
09-DEC-2014,REPCOHOME,558.15,550.15,0.0144,0.0182,0.0180,0.3439
09-DEC-2014,REPRO,268.90,266.85,0.0077,0.0253,0.0246,0.4700
09-DEC-2014,RESPONIND,89.40,91.75,-0.0259,0.0253,0.0253,0.4834
09-DEC-2014,REVATHI,385.70,387.60,-0.0049,0.0433,0.0420,0.8024
09-DEC-2014,RICOAUTO,45.55,45.05,0.0110,0.0374,0.0364,0.6954
09-DEC-2014,RIIL,506.10,519.80,-0.0267,0.0187,0.0193,0.3687
09-DEC-2014,RJL,60.75,61.15,-0.0066,0.0244,0.0237,0.4528
09-DEC-2014,RKDL,6.10,6.40,-0.0480,0.0435,0.0438,0.8368
09-DEC-2014,RKFORGE,319.35,326.30,-0.0215,0.0263,0.0260,0.4967
09-DEC-2014,RMCL,38.65,40.05,-0.0356,0.0525,0.0516,0.9858
09-DEC-2014,RML,450.70,455.00,-0.0095,0.0243,0.0237,0.4528
09-DEC-2014,RMMIL,1.50,1.70,-0.1252,0.0516,0.0587,1.1215
09-DEC-2014,ROHITFERRO,7.60,7.75,-0.0195,0.0375,0.0367,0.7012
09-DEC-2014,ROHLTD,40.25,41.50,-0.0306,0.0208,0.0215,0.4108
09-DEC-2014,ROLTA,104.10,103.70,0.0038,0.0188,0.0183,0.3496
09-DEC-2014,ROSSELLIND,94.00,94.55,-0.0058,0.0498,0.0483,0.9228
09-DEC-2014,RPGLIFE,95.65,96.15,-0.0052,0.0216,0.0210,0.4012
09-DEC-2014,RPOWER,64.35,65.55,-0.0185,0.0210,0.0209,0.3993
09-DEC-2014,RPPINFRA,119.50,121.95,-0.0203,0.0382,0.0374,0.7145
09-DEC-2014,RSSOFTWARE,506.80,503.75,0.0060,0.0340,0.0330,0.6305
09-DEC-2014,RSWM,191.90,192.20,-0.0016,0.0165,0.0160,0.3057
09-DEC-2014,RSYSTEMS,69.65,70.75,-0.0157,0.0288,0.0282,0.5388
09-DEC-2014,RTNINFRA,3.25,3.30,-0.0153,0.0287,0.0281,0.5368
09-DEC-2014,RTNPOWER,10.40,10.85,-0.0424,0.0240,0.0255,0.4872
09-DEC-2014,RUBYMILLS,280.40,286.70,-0.0222,0.0212,0.0213,0.4069
09-DEC-2014,RUCHINFRA,10.75,11.30,-0.0499,0.0251,0.0272,0.5197
09-DEC-2014,RUCHIRA,30.65,30.30,0.0115,0.0394,0.0383,0.7317
09-DEC-2014,RUCHISOYA,36.15,37.20,-0.0286,0.0214,0.0219,0.4184
09-DEC-2014,RUPA,228.60,228.65,-0.0002,0.0173,0.0168,0.3210
09-DEC-2014,RUSHIL,54.40,56.75,-0.0423,0.0604,0.0595,1.1367
09-DEC-2014,SABERORGAN,184.70,188.10,-0.0182,0.0185,0.0185,0.3534
09-DEC-2014,SABTN,184.00,186.30,-0.0124,0.0247,0.0241,0.4604
09-DEC-2014,SADBHAV,256.10,244.85,0.0449,0.0271,0.0285,0.5445
09-DEC-2014,SAGCEM,341.60,338.20,0.0100,0.0282,0.0275,0.5254
09-DEC-2014,SAHPETRO,42.60,43.50,-0.0209,0.0684,0.0665,1.2705
09-DEC-2014,SAIL,79.45,82.25,-0.0346,0.0250,0.0257,0.4910
09-DEC-2014,SAKHTISUG,16.50,16.65,-0.0090,0.0302,0.0294,0.5617
09-DEC-2014,SAKSOFT,133.85,140.05,-0.0453,0.0344,0.0351,0.6706
09-DEC-2014,SAKUMA,20.50,21.00,-0.0241,0.0306,0.0302,0.5770
09-DEC-2014,SALONACOT,26.00,25.45,0.0214,0.0529,0.0516,0.9858
09-DEC-2014,SALORAINTL,33.65,36.00,-0.0675,0.0511,0.0522,0.9973
09-DEC-2014,SALSTEEL,2.50,2.40,0.0408,0.0367,0.0370,0.7069
09-DEC-2014,SAMBANDAM,82.00,85.65,-0.0435,0.0254,0.0268,0.5120
09-DEC-2014,SAMBHAAV,1.90,1.90,0.0000,0.0088,0.0085,0.1624
09-DEC-2014,SAMINDUS,13.25,13.25,0.0000,0.0210,0.0204,0.3897
09-DEC-2014,SAMTEL,1.70,1.70,0.0000,0.0322,0.0312,0.5961
09-DEC-2014,SANDESH,490.90,501.60,-0.0216,0.0320,0.0315,0.6018
09-DEC-2014,SANGAMIND,85.35,87.00,-0.0191,0.0208,0.0207,0.3955
09-DEC-2014,SANGHIIND,47.00,47.95,-0.0200,0.0317,0.0311,0.5942
09-DEC-2014,SANGHVIFOR,44.25,46.90,-0.0582,0.0484,0.0490,0.9361
09-DEC-2014,SANGHVIMOV,179.70,177.60,0.0118,0.0224,0.0219,0.4184
09-DEC-2014,SANOFI,3517.00,3527.45,-0.0030,0.0177,0.0172,0.3286
09-DEC-2014,SANWARIA,8.35,8.75,-0.0468,0.0405,0.0409,0.7814
09-DEC-2014,SARDAEN,210.10,216.50,-0.0300,0.0388,0.0383,0.7317
09-DEC-2014,SAREGAMA,140.75,147.25,-0.0451,0.0279,0.0292,0.5579
09-DEC-2014,SARLAPOLY,397.10,411.20,-0.0349,0.0245,0.0252,0.4814
09-DEC-2014,SARTHAKIND,20.00,20.00,0.0000,0.0016,0.0016,0.0306
09-DEC-2014,SASKEN,241.85,244.60,-0.0113,0.0211,0.0206,0.3936
09-DEC-2014,SATHAISPAT,40.10,39.85,0.0063,0.0254,0.0247,0.4719
09-DEC-2014,SAVERA,44.30,45.85,-0.0344,0.0370,0.0368,0.7031
09-DEC-2014,SAYAJIHOTL,123.55,130.00,-0.0509,0.0138,0.0183,0.3496
09-DEC-2014,SBBJ,582.45,613.80,-0.0524,0.0250,0.0274,0.5235
09-DEC-2014,SBIGETS,2489.35,2470.30,0.0077,0.0091,0.0090,0.1719
09-DEC-2014,SBIN,306.55,312.90,-0.0205,0.0183,0.0184,0.3515
09-DEC-2014,SBT,487.80,494.85,-0.0143,0.0194,0.0191,0.3649
09-DEC-2014,SCHNEIDER,144.50,149.40,-0.0333,0.0233,0.0240,0.4585
09-DEC-2014,SCI,64.05,66.95,-0.0443,0.0226,0.0244,0.4662
09-DEC-2014,SDBL,204.00,207.35,-0.0163,0.0195,0.0193,0.3687
09-DEC-2014,SEAMECLTD,113.60,116.95,-0.0291,0.0373,0.0369,0.7050
09-DEC-2014,SEINV,243.80,241.70,0.0087,0.0645,0.0626,1.1960
09-DEC-2014,SELAN,378.50,395.50,-0.0439,0.0232,0.0249,0.4757
09-DEC-2014,SELMCL,3.75,4.00,-0.0645,0.0318,0.0346,0.6610
09-DEC-2014,SEPOWER,5.50,5.55,-0.0090,0.0549,0.0533,1.0183
09-DEC-2014,SERVALL,4.10,4.25,-0.0359,0.0518,0.0510,0.9744
09-DEC-2014,SESHAPAPER,222.45,227.65,-0.0231,0.0431,0.0422,0.8062
09-DEC-2014,SEZAL,5.60,5.40,0.0364,0.0481,0.0475,0.9075
09-DEC-2014,SFCL,110.75,111.25,-0.0045,0.0418,0.0405,0.7738
09-DEC-2014,SGFL,2.30,2.30,0.0000,0.0232,0.0225,0.4299
09-DEC-2014,SGJHL,26.30,26.65,-0.0132,0.0494,0.0480,0.9170
09-DEC-2014,SGL,1.90,2.00,-0.0513,0.0188,0.0221,0.4222
09-DEC-2014,SHAHALLOYS,7.15,7.10,0.0070,0.0441,0.0428,0.8177
09-DEC-2014,SHAKTIPUMP,219.15,226.95,-0.0350,0.0530,0.0521,0.9954
09-DEC-2014,SHALPAINTS,160.50,167.60,-0.0433,0.0360,0.0365,0.6973
09-DEC-2014,SHANTIGEAR,125.90,129.85,-0.0309,0.0269,0.0272,0.5197
09-DEC-2014,SHARDACROP,256.40,264.95,-0.0328,0.0276,0.0279,0.5330
09-DEC-2014,SHARIABEES,188.00,186.75,0.0067,0.0280,0.0272,0.5197
09-DEC-2014,SHARONBIO,51.35,50.65,0.0137,0.0294,0.0287,0.5483
09-DEC-2014,SHASUNPHAR,257.50,269.15,-0.0442,0.0312,0.0321,0.6133
09-DEC-2014,SHEMAROO,176.10,184.15,-0.0447,0.0330,0.0338,0.6457
09-DEC-2014,SHILPAMED,539.50,523.30,0.0305,0.0173,0.0184,0.3515
09-DEC-2014,SHILPI,44.35,45.50,-0.0256,0.0475,0.0465,0.8884
09-DEC-2014,SHIRPUR-G,82.20,85.80,-0.0429,0.0346,0.0352,0.6725
09-DEC-2014,SHIV-VANI,8.10,8.05,0.0062,0.0314,0.0305,0.5827
09-DEC-2014,SHIVAMAUTO,69.25,70.05,-0.0115,0.0304,0.0296,0.5655
09-DEC-2014,SHIVTEX,42.10,43.85,-0.0407,0.0625,0.0614,1.1730
09-DEC-2014,SHLAKSHMI,3.20,3.20,0.0000,0.0334,0.0324,0.6190
09-DEC-2014,SHOPERSTOP,493.95,503.55,-0.0192,0.0205,0.0204,0.3897
09-DEC-2014,SHREECEM,9282.40,9238.40,0.0048,0.0126,0.0123,0.2350
09-DEC-2014,SHREERAMA,6.25,6.10,0.0243,0.0283,0.0281,0.5368
09-DEC-2014,SHRENUJ,51.45,52.25,-0.0154,0.0200,0.0198,0.3783
09-DEC-2014,SHREYANIND,32.70,34.15,-0.0434,0.0500,0.0496,0.9476
09-DEC-2014,SHREYAS,179.05,188.45,-0.0512,0.0417,0.0423,0.8081
09-DEC-2014,SHRIASTER,8.20,7.55,0.0826,0.0568,0.0587,1.1215
09-DEC-2014,SHRIRAMCIT,1692.90,1684.05,0.0052,0.0139,0.0135,0.2579
09-DEC-2014,SHRIRAMEPC,40.15,40.70,-0.0136,0.0563,0.0547,1.0450
09-DEC-2014,SHYAMTEL,30.55,30.80,-0.0082,0.0228,0.0222,0.4241
09-DEC-2014,SICAGEN,14.90,14.45,0.0307,0.0222,0.0228,0.4356
09-DEC-2014,SICAL,151.85,159.65,-0.0501,0.0390,0.0398,0.7604
09-DEC-2014,SIEMENS,887.10,915.55,-0.0316,0.0267,0.0270,0.5158
09-DEC-2014,SIGNETIND,112.35,117.85,-0.0478,0.0631,0.0623,1.1902
09-DEC-2014,SIL,17.20,17.40,-0.0116,0.0212,0.0207,0.3955
09-DEC-2014,SILINV,77.15,73.60,0.0471,0.0422,0.0425,0.8120
09-DEC-2014,SIMBHSUGAR,13.05,13.25,-0.0152,0.0499,0.0485,0.9266
09-DEC-2014,SIMPLEX,46.45,49.90,-0.0716,0.0275,0.0319,0.6094
09-DEC-2014,SIMPLEXCAS,40.90,41.15,-0.0061,0.0350,0.0340,0.6496
09-DEC-2014,SIMPLEXINF,350.25,368.85,-0.0517,0.0443,0.0448,0.8559
09-DEC-2014,SINTEX,97.60,102.85,-0.0524,0.0292,0.0311,0.5942
09-DEC-2014,SIRPAPER,18.25,19.60,-0.0714,0.0458,0.0477,0.9113
09-DEC-2014,SITASHREE,9.05,8.95,0.0111,0.0271,0.0264,0.5044
09-DEC-2014,SITICABLE,30.80,30.70,0.0033,0.0335,0.0325,0.6209
09-DEC-2014,SIYSIL,790.10,792.80,-0.0034,0.0190,0.0184,0.3515
09-DEC-2014,SJVN,24.45,24.95,-0.0202,0.0147,0.0151,0.2885
09-DEC-2014,SKFINDIA,1348.25,1371.50,-0.0171,0.0179,0.0179,0.3420
09-DEC-2014,SKIL,27.85,29.05,-0.0422,0.0377,0.0380,0.7260
09-DEC-2014,SKMEGGPROD,105.40,107.20,-0.0169,0.0467,0.0455,0.8693
09-DEC-2014,SKSMICRO,349.30,354.10,-0.0136,0.0252,0.0247,0.4719
09-DEC-2014,SKUMARSYNF,4.00,4.15,-0.0368,0.0272,0.0279,0.5330
09-DEC-2014,SMARTLINK,70.85,72.20,-0.0189,0.0277,0.0273,0.5216
09-DEC-2014,SMLISUZU,885.30,865.80,0.0223,0.0292,0.0288,0.5502
09-DEC-2014,SMPL,3.50,3.65,-0.0420,0.0401,0.0402,0.7680
09-DEC-2014,SMSPHARMA,435.10,444.10,-0.0205,0.0270,0.0267,0.5101
09-DEC-2014,SNOWMAN,102.50,102.00,0.0049,0.0416,0.0404,0.7718
09-DEC-2014,SOBHA,500.10,478.35,0.0445,0.0290,0.0302,0.5770
09-DEC-2014,SOFTTECHGR,2.15,2.05,0.0476,0.0100,0.0152,0.2904
09-DEC-2014,SOLARINDS,2789.05,2869.05,-0.0283,0.0226,0.0230,0.4394
09-DEC-2014,SOMANYCERA,320.15,333.65,-0.0413,0.0260,0.0272,0.5197
09-DEC-2014,SOMATEX,2.90,2.95,-0.0171,0.0537,0.0522,0.9973
09-DEC-2014,SONASTEER,54.55,55.40,-0.0155,0.0309,0.0302,0.5770
09-DEC-2014,SONATSOFTW,131.35,131.10,0.0019,0.0229,0.0222,0.4241
09-DEC-2014,SOTL,732.75,737.00,-0.0058,0.0201,0.0195,0.3725
09-DEC-2014,SOUISPAT,0.30,0.35,-0.1542,0.1108,0.1139,2.1761
09-DEC-2014,SOUTHBANK,28.70,29.20,-0.0173,0.0234,0.0231,0.4413
09-DEC-2014,SPANCO,10.50,10.50,0.0000,0.0016,0.0016,0.0306
09-DEC-2014,SPARC,197.55,190.50,0.0363,0.0254,0.0262,0.5006
09-DEC-2014,SPECIALITY,180.65,182.00,-0.0074,0.0330,0.0320,0.6114
09-DEC-2014,SPECTACLE,1.15,1.15,0.0000,0.0127,0.0123,0.2350
09-DEC-2014,SPENTEX,5.10,5.00,0.0198,0.0397,0.0388,0.7413
09-DEC-2014,SPIC,23.75,24.05,-0.0126,0.0284,0.0277,0.5292
09-DEC-2014,SPICEMOBI,23.10,23.80,-0.0299,0.0333,0.0331,0.6324
09-DEC-2014,SPLIL,9.30,9.45,-0.0160,0.0418,0.0407,0.7776
09-DEC-2014,SPMLINFRA,101.75,90.35,0.1188,0.0343,0.0442,0.8444
09-DEC-2014,SPYL,1.55,1.55,0.0000,0.0418,0.0405,0.7738
09-DEC-2014,SQSBFSI,745.95,760.40,-0.0192,0.0377,0.0369,0.7050
09-DEC-2014,SREEL,256.80,255.00,0.0070,0.0101,0.0099,0.1891
09-DEC-2014,SREINFRA,45.05,46.00,-0.0209,0.0294,0.0290,0.5540
09-DEC-2014,SRF,872.25,885.50,-0.0151,0.0324,0.0316,0.6037
09-DEC-2014,SRGINFOTEC,0.30,0.30,0.0000,0.1060,0.1028,1.9640
09-DEC-2014,SRHHYPOLTD,48.70,50.05,-0.0273,0.0375,0.0370,0.7069
09-DEC-2014,SRICHAMUND,17.55,17.55,0.0000,0.0182,0.0176,0.3362
09-DEC-2014,SRSLTD,26.00,26.30,-0.0115,0.0226,0.0221,0.4222
09-DEC-2014,SRTRANSFIN,1145.85,1178.30,-0.0279,0.0238,0.0241,0.4604
09-DEC-2014,SSLT,220.75,232.75,-0.0529,0.0219,0.0249,0.4757
09-DEC-2014,SSWL,332.70,339.90,-0.0214,0.0450,0.0439,0.8387
09-DEC-2014,STAR,893.55,935.65,-0.0460,0.0320,0.0330,0.6305
09-DEC-2014,STARPAPER,23.75,23.35,0.0170,0.0814,0.0790,1.5093
09-DEC-2014,STCINDIA,194.60,199.50,-0.0249,0.0177,0.0182,0.3477
09-DEC-2014,STEL,27.25,28.00,-0.0272,0.0245,0.0247,0.4719
09-DEC-2014,STERLINBIO,7.45,7.65,-0.0265,0.0402,0.0395,0.7546
09-DEC-2014,STERTOOLS,341.50,345.25,-0.0109,0.0360,0.0350,0.6687
09-DEC-2014,STINDIA,7.00,7.10,-0.0142,0.0281,0.0275,0.5254
09-DEC-2014,STOREONE,36.70,37.85,-0.0309,0.0338,0.0336,0.6419
09-DEC-2014,STRTECH,65.45,67.75,-0.0345,0.0258,0.0264,0.5044
09-DEC-2014,STYABS,650.45,657.50,-0.0108,0.0223,0.0218,0.4165
09-DEC-2014,SUBEX,11.85,12.15,-0.0250,0.0574,0.0560,1.0699
09-DEC-2014,SUBROS,68.60,70.00,-0.0202,0.0341,0.0334,0.6381
09-DEC-2014,SUDAR,43.10,43.90,-0.0184,0.0372,0.0363,0.6935
09-DEC-2014,SUDARSCHEM,127.30,122.70,0.0368,0.0462,0.0457,0.8731
09-DEC-2014,SUJANATWR,15.65,16.40,-0.0468,0.0405,0.0409,0.7814
09-DEC-2014,SUJANAUNI,2.15,2.25,-0.0455,0.0437,0.0438,0.8368
09-DEC-2014,SUMEETINDS,16.00,14.35,0.1088,0.0189,0.0324,0.6190
09-DEC-2014,SUMMITSEC,251.85,257.60,-0.0226,0.0219,0.0219,0.4184
09-DEC-2014,SUNCLAYLTD,1479.45,1492.25,-0.0086,0.0164,0.0160,0.3057
09-DEC-2014,SUNDARAM,2.00,2.10,-0.0488,0.0406,0.0411,0.7852
09-DEC-2014,SUNDARMFIN,1229.95,1256.75,-0.0216,0.0201,0.0202,0.3859
09-DEC-2014,SUNDRMBRAK,341.95,346.75,-0.0139,0.0309,0.0302,0.5770
09-DEC-2014,SUNDRMFAST,186.45,192.65,-0.0327,0.0312,0.0313,0.5980
09-DEC-2014,SUNFLAG,27.95,28.00,-0.0018,0.0319,0.0309,0.5903
09-DEC-2014,SUNILHITEC,152.10,159.65,-0.0484,0.0405,0.0410,0.7833
09-DEC-2014,SUNPHARMA,839.45,827.80,0.0140,0.0133,0.0133,0.2541
09-DEC-2014,SUNTECK,291.10,288.60,0.0086,0.0111,0.0110,0.2102
09-DEC-2014,SUNTV,369.95,379.80,-0.0263,0.0329,0.0325,0.6209
09-DEC-2014,SUPER,291.00,298.15,-0.0243,0.0257,0.0256,0.4891
09-DEC-2014,SUPERHOUSE,226.25,233.30,-0.0307,0.0238,0.0243,0.4643
09-DEC-2014,SUPERSPIN,9.70,10.30,-0.0600,0.0680,0.0675,1.2896
09-DEC-2014,SUPPETRO,71.20,71.80,-0.0084,0.0142,0.0139,0.2656
09-DEC-2014,SUPRAJIT,126.10,131.05,-0.0385,0.0192,0.0209,0.3993
09-DEC-2014,SUPREMEIND,630.50,648.40,-0.0280,0.0163,0.0172,0.3286
09-DEC-2014,SUPREMEINF,206.95,212.00,-0.0241,0.0393,0.0386,0.7375
09-DEC-2014,SUPREMETEX,11.50,12.10,-0.0509,0.0468,0.0471,0.8998
09-DEC-2014,SURANACORP,14.95,15.50,-0.0361,0.0469,0.0463,0.8846
09-DEC-2014,SURANAIND,57.55,54.85,0.0481,0.0271,0.0288,0.5502
09-DEC-2014,SURANASOL,45.10,44.90,0.0044,0.0203,0.0197,0.3764
09-DEC-2014,SURANAT&P,7.35,7.40,-0.0068,0.0623,0.0604,1.1539
09-DEC-2014,SURYAJYOTI,8.75,8.75,0.0000,0.0331,0.0321,0.6133
09-DEC-2014,SURYALAXMI,105.20,107.30,-0.0198,0.0234,0.0232,0.4432
09-DEC-2014,SURYAPHARM,0.25,0.30,-0.1823,0.0807,0.0901,1.7214
09-DEC-2014,SURYAROSNI,111.70,113.35,-0.0147,0.0437,0.0425,0.8120
09-DEC-2014,SUTLEJTEX,349.70,359.00,-0.0262,0.0275,0.0274,0.5235
09-DEC-2014,SUVEN,209.75,218.20,-0.0395,0.0393,0.0393,0.7508
09-DEC-2014,SUZLON,14.15,14.80,-0.0449,0.0400,0.0403,0.7699
09-DEC-2014,SWANENERGY,55.25,55.25,0.0000,0.0070,0.0068,0.1299
09-DEC-2014,SWARAJENG,934.65,933.85,0.0009,0.0088,0.0085,0.1624
09-DEC-2014,SWELECTES,419.95,419.75,0.0005,0.0240,0.0233,0.4451
09-DEC-2014,SYMPHONY,1909.75,1918.75,-0.0047,0.0272,0.0264,0.5044
09-DEC-2014,SYNCOM,7.60,7.95,-0.0450,0.0511,0.0508,0.9705
09-DEC-2014,SYNDIBANK,128.05,134.15,-0.0465,0.0263,0.0279,0.5330
09-DEC-2014,TAINWALCHM,28.25,29.70,-0.0501,0.0479,0.0480,0.9170
09-DEC-2014,TAJGVK,100.05,103.55,-0.0344,0.0311,0.0313,0.5980
09-DEC-2014,TAKE,58.40,60.60,-0.0370,0.0508,0.0501,0.9572
09-DEC-2014,TALBROAUTO,108.50,111.60,-0.0282,0.0233,0.0236,0.4509
09-DEC-2014,TALWALKARS,246.60,255.85,-0.0368,0.0288,0.0293,0.5598
09-DEC-2014,TANFACIND,15.95,15.70,0.0158,0.0374,0.0365,0.6973
09-DEC-2014,TANLA,17.45,17.60,-0.0086,0.0432,0.0419,0.8005
09-DEC-2014,TANTIACONS,21.15,21.55,-0.0187,0.0358,0.0350,0.6687
09-DEC-2014,TARAJEWELS,85.20,86.15,-0.0111,0.0200,0.0196,0.3745
09-DEC-2014,TARAPUR,7.20,7.45,-0.0341,0.0346,0.0346,0.6610
09-DEC-2014,TARMAT,24.55,24.50,0.0020,0.0592,0.0574,1.0966
09-DEC-2014,TATACHEM,431.35,437.35,-0.0138,0.0157,0.0156,0.2980
09-DEC-2014,TATACOFFEE,981.65,995.30,-0.0138,0.0139,0.0139,0.2656
09-DEC-2014,TATACOMM,429.65,446.90,-0.0394,0.0223,0.0237,0.4528
09-DEC-2014,TATAELXSI,601.90,610.00,-0.0134,0.0173,0.0171,0.3267
09-DEC-2014,TATAGLOBAL,154.85,158.30,-0.0220,0.0148,0.0153,0.2923
09-DEC-2014,TATAINVEST,572.35,572.70,-0.0006,0.0133,0.0129,0.2465
09-DEC-2014,TATAMETALI,133.65,138.70,-0.0371,0.0324,0.0327,0.6247
09-DEC-2014,TATAMOTORS,503.25,515.70,-0.0244,0.0159,0.0165,0.3152
09-DEC-2014,TATAMTRDVR,324.35,340.80,-0.0495,0.0211,0.0238,0.4547
09-DEC-2014,TATAPOWER,85.40,89.10,-0.0424,0.0165,0.0191,0.3649
09-DEC-2014,TATASPONGE,623.60,639.70,-0.0255,0.0259,0.0259,0.4948
09-DEC-2014,TATASTEEL,436.30,451.85,-0.0350,0.0184,0.0198,0.3783
09-DEC-2014,TBZ,158.70,163.45,-0.0295,0.0431,0.0424,0.8101
09-DEC-2014,TCI,261.95,268.75,-0.0256,0.0351,0.0346,0.6610
09-DEC-2014,TCIDEVELOP,280.00,283.85,-0.0137,0.0428,0.0416,0.7948
09-DEC-2014,TCIFINANCE,42.75,44.40,-0.0379,0.0560,0.0551,1.0527
09-DEC-2014,TCPLTD,474.00,474.00,0.0000,0.0073,0.0071,0.1356
09-DEC-2014,TCS,2514.85,2512.80,0.0008,0.0152,0.0147,0.2808
09-DEC-2014,TDPOWERSYS,415.40,413.35,0.0049,0.0263,0.0255,0.4872
09-DEC-2014,TECHIN,7.20,7.00,0.0282,0.0327,0.0324,0.6190
09-DEC-2014,TECHM,2612.15,2612.80,-0.0002,0.0132,0.0128,0.2445
09-DEC-2014,TECHNO,345.75,346.30,-0.0016,0.0300,0.0291,0.5560
09-DEC-2014,TECHNOFAB,141.00,138.00,0.0215,0.0232,0.0231,0.4413
09-DEC-2014,TECPRO,14.80,15.60,-0.0526,0.0434,0.0440,0.8406
09-DEC-2014,TEXINFRA,50.25,49.85,0.0080,0.0415,0.0403,0.7699
09-DEC-2014,TEXMOPIPES,16.15,16.20,-0.0031,0.0439,0.0426,0.8139
09-DEC-2014,TEXRAIL,124.00,126.90,-0.0231,0.0355,0.0349,0.6668
09-DEC-2014,TFCILTD,79.45,82.15,-0.0334,0.0594,0.0582,1.1119
09-DEC-2014,TFL,6.60,6.00,0.0953,0.0494,0.0533,1.0183
09-DEC-2014,TGBHOTELS,52.75,50.90,0.0357,0.0216,0.0227,0.4337
09-DEC-2014,THANGAMAYL,204.90,224.30,-0.0905,0.0492,0.0526,1.0049
09-DEC-2014,THEBYKE,152.30,158.55,-0.0402,0.0069,0.0119,0.2273
09-DEC-2014,THEMISMED,197.90,208.30,-0.0512,0.0355,0.0366,0.6992
09-DEC-2014,THERMAX,1017.85,1074.55,-0.0542,0.0213,0.0246,0.4700
09-DEC-2014,THIRUSUGAR,45.65,45.10,0.0121,0.0332,0.0323,0.6171
09-DEC-2014,THOMASCOOK,166.05,163.80,0.0136,0.0229,0.0225,0.4299
09-DEC-2014,THOMASCOTT,10.50,11.00,-0.0465,0.0334,0.0343,0.6553
09-DEC-2014,TI,27.15,27.95,-0.0290,0.0497,0.0487,0.9304
09-DEC-2014,TIDEWATER,17937.70,18662.70,-0.0396,0.0266,0.0276,0.5273
09-DEC-2014,TIIL,175.75,178.25,-0.0141,0.0207,0.0204,0.3897
09-DEC-2014,TIJARIA,3.30,3.30,0.0000,0.0550,0.0533,1.0183
09-DEC-2014,TIL,396.40,410.60,-0.0352,0.0262,0.0268,0.5120
09-DEC-2014,TIMBOR,6.15,6.45,-0.0476,0.0369,0.0376,0.7183
09-DEC-2014,TIMESGTY,27.30,29.30,-0.0707,0.0493,0.0508,0.9705
09-DEC-2014,TIMETECHNO,53.65,54.00,-0.0065,0.0229,0.0223,0.4260
09-DEC-2014,TIMKEN,469.50,476.40,-0.0146,0.0237,0.0233,0.4451
09-DEC-2014,TINPLATE,66.40,68.15,-0.0260,0.0194,0.0199,0.3802
09-DEC-2014,TIPSINDLTD,63.45,64.30,-0.0133,0.0610,0.0592,1.1310
09-DEC-2014,TIRUMALCHM,99.60,101.00,-0.0140,0.0219,0.0215,0.4108
09-DEC-2014,TITAN,370.95,381.15,-0.0271,0.0186,0.0192,0.3668
09-DEC-2014,TNPETRO,11.45,11.70,-0.0216,0.0249,0.0247,0.4719
09-DEC-2014,TNPL,133.70,135.55,-0.0137,0.0141,0.0141,0.2694
09-DEC-2014,TNTELE,5.00,5.00,0.0000,0.0180,0.0175,0.3343
09-DEC-2014,TODAYS,2.60,2.60,0.0000,0.0549,0.0532,1.0164
09-DEC-2014,TOKYOPLAST,35.00,36.55,-0.0433,0.0549,0.0543,1.0374
09-DEC-2014,TORNTPHARM,1034.45,1053.60,-0.0183,0.0285,0.0280,0.5349
09-DEC-2014,TORNTPOWER,155.45,159.45,-0.0254,0.0277,0.0276,0.5273
09-DEC-2014,TREEHOUSE,457.05,455.50,0.0034,0.0206,0.0200,0.3821
09-DEC-2014,TRENT,1518.85,1520.75,-0.0013,0.0226,0.0219,0.4184
09-DEC-2014,TRF,384.25,392.10,-0.0202,0.0348,0.0341,0.6515
09-DEC-2014,TRICOM,1.70,1.65,0.0299,0.0308,0.0307,0.5865
09-DEC-2014,TRIDENT,26.90,27.30,-0.0148,0.0335,0.0327,0.6247
09-DEC-2014,TRIGYN,39.00,41.20,-0.0549,0.0403,0.0413,0.7890
09-DEC-2014,TRIL,191.30,200.20,-0.0455,0.0420,0.0422,0.8062
09-DEC-2014,TRITURBINE,107.10,112.55,-0.0496,0.0412,0.0418,0.7986
09-DEC-2014,TRIVENI,24.45,24.90,-0.0182,0.0347,0.0339,0.6477
09-DEC-2014,TTKHEALTH,840.10,878.20,-0.0444,0.0326,0.0334,0.6381
09-DEC-2014,TTKPRESTIG,3750.05,3801.10,-0.0135,0.0109,0.0111,0.2121
09-DEC-2014,TTL,41.15,43.50,-0.0555,0.0347,0.0363,0.6935
09-DEC-2014,TTML,8.15,8.30,-0.0182,0.0190,0.0190,0.3630
09-DEC-2014,TUBEINVEST,340.40,332.30,0.0241,0.0152,0.0159,0.3038
09-DEC-2014,TULSI,4.35,4.60,-0.0559,0.0482,0.0487,0.9304
09-DEC-2014,TV18BRDCST,32.00,34.85,-0.0853,0.0251,0.0321,0.6133
09-DEC-2014,TVSELECT,41.55,42.35,-0.0191,0.0381,0.0372,0.7107
09-DEC-2014,TVSMOTOR,243.65,245.55,-0.0078,0.0277,0.0269,0.5139
09-DEC-2014,TVSSRICHAK,1694.05,1746.35,-0.0304,0.0424,0.0418,0.7986
09-DEC-2014,TVTODAY,212.70,220.05,-0.0340,0.0394,0.0391,0.7470
09-DEC-2014,TWILITAKA,4.25,4.05,0.0482,0.0357,0.0366,0.6992
09-DEC-2014,TWL,328.50,333.25,-0.0144,0.0406,0.0395,0.7546
09-DEC-2014,UBHOLDINGS,22.05,22.70,-0.0291,0.0474,0.0465,0.8884
09-DEC-2014,UBL,824.20,806.80,0.0213,0.0272,0.0269,0.5139
09-DEC-2014,UCALFUEL,131.75,135.70,-0.0295,0.0488,0.0479,0.9151
09-DEC-2014,UCOBANK,82.20,86.55,-0.0516,0.0243,0.0267,0.5101
09-DEC-2014,UFLEX,162.20,169.70,-0.0452,0.0228,0.0247,0.4719
09-DEC-2014,UGARSUGAR,9.95,10.15,-0.0199,0.0205,0.0205,0.3917
09-DEC-2014,UJAAS,16.95,17.55,-0.0348,0.0485,0.0478,0.9132
09-DEC-2014,ULTRACEMCO,2481.75,2512.10,-0.0122,0.0138,0.0137,0.2617
09-DEC-2014,UMESLTD,3.80,4.00,-0.0513,0.0420,0.0426,0.8139
09-DEC-2014,UNICHEMLAB,241.65,242.30,-0.0027,0.0238,0.0231,0.4413
09-DEC-2014,UNIENTER,27.00,27.10,-0.0037,0.0220,0.0213,0.4069
09-DEC-2014,UNIONBANK,217.30,228.30,-0.0494,0.0219,0.0244,0.4662
09-DEC-2014,UNIPLY,8.35,8.30,0.0060,0.0428,0.0415,0.7929
09-DEC-2014,UNITECH,17.70,18.10,-0.0223,0.0372,0.0365,0.6973
09-DEC-2014,UNITEDBNK,40.60,41.40,-0.0195,0.0175,0.0176,0.3362
09-DEC-2014,UNITEDTEA,225.70,235.00,-0.0404,0.0289,0.0297,0.5674
09-DEC-2014,UNITY,22.75,23.60,-0.0367,0.0491,0.0484,0.9247
09-DEC-2014,UNIVCABLES,48.80,50.50,-0.0342,0.0325,0.0326,0.6228
09-DEC-2014,UPERGANGES,36.75,38.30,-0.0413,0.0445,0.0443,0.8464
09-DEC-2014,UPL,318.05,330.50,-0.0384,0.0197,0.0213,0.4069
09-DEC-2014,USHAMART,28.70,29.05,-0.0121,0.0355,0.0345,0.6591
09-DEC-2014,USHERAGRO,51.75,54.70,-0.0554,0.0353,0.0368,0.7031
09-DEC-2014,UTTAMSTL,69.45,70.35,-0.0129,0.0322,0.0314,0.5999
09-DEC-2014,UTTAMSUGAR,16.65,16.70,-0.0030,0.0264,0.0256,0.4891
09-DEC-2014,UTTAMVALUE,6.60,6.65,-0.0075,0.0213,0.0207,0.3955
09-DEC-2014,V2RETAIL,41.35,42.65,-0.0310,0.0389,0.0385,0.7355
09-DEC-2014,VADILALIND,282.25,288.45,-0.0217,0.0397,0.0389,0.7432
09-DEC-2014,VAIBHAVGBL,570.55,613.00,-0.0718,0.0389,0.0416,0.7948
09-DEC-2014,VAKRANGEE,142.85,142.35,0.0035,0.0193,0.0187,0.3573
09-DEC-2014,VALECHAENG,66.75,68.15,-0.0208,0.0455,0.0444,0.8483
09-DEC-2014,VALUEIND,10.40,10.50,-0.0096,0.0307,0.0299,0.5712
09-DEC-2014,VARDHACRLC,26.50,26.30,0.0076,0.0350,0.0340,0.6496
09-DEC-2014,VARDMNPOLY,51.00,52.30,-0.0252,0.0292,0.0290,0.5540
09-DEC-2014,VARUNSHIP,6.85,7.05,-0.0288,0.0269,0.0270,0.5158
09-DEC-2014,VASCONEQ,23.60,23.70,-0.0042,0.0359,0.0348,0.6649
09-DEC-2014,VASWANI,4.60,4.80,-0.0426,0.0536,0.0530,1.0126
09-DEC-2014,VENKEYS,441.65,447.80,-0.0138,0.0219,0.0215,0.4108
09-DEC-2014,VENUSREM,223.90,228.40,-0.0199,0.0282,0.0278,0.5311
09-DEC-2014,VESUVIUS,709.25,711.40,-0.0030,0.0141,0.0137,0.2617
09-DEC-2014,VGUARD,1062.60,1104.30,-0.0385,0.0210,0.0224,0.4280
09-DEC-2014,VHL,720.00,745.00,-0.0341,0.0303,0.0305,0.5827
09-DEC-2014,VICEROY,19.10,19.45,-0.0182,0.0313,0.0307,0.5865
09-DEC-2014,VIDEOIND,157.80,160.20,-0.0151,0.0077,0.0083,0.1586
09-DEC-2014,VIJAYABANK,48.90,49.80,-0.0182,0.0148,0.0150,0.2866
09-DEC-2014,VIJSHAN,11.80,12.10,-0.0251,0.0207,0.0210,0.4012
09-DEC-2014,VIKASGLOB,7.35,7.40,-0.0068,0.0451,0.0438,0.8368
09-DEC-2014,VIMALOIL,252.75,247.10,0.0226,0.0282,0.0279,0.5330
09-DEC-2014,VIMTALABS,71.40,72.75,-0.0187,0.0317,0.0311,0.5942
09-DEC-2014,VINATIORGA,419.15,423.95,-0.0114,0.0191,0.0187,0.3573
09-DEC-2014,VINDHYATEL,490.00,495.20,-0.0106,0.0276,0.0269,0.5139
09-DEC-2014,VINYLINDIA,69.05,70.70,-0.0236,0.0395,0.0387,0.7394
09-DEC-2014,VIPIND,115.60,119.60,-0.0340,0.0265,0.0270,0.5158
09-DEC-2014,VIPUL,36.40,38.15,-0.0470,0.0248,0.0267,0.5101
09-DEC-2014,VISAKAIND,119.45,122.85,-0.0281,0.0233,0.0236,0.4509
09-DEC-2014,VISASTEEL,18.65,18.85,-0.0107,0.0415,0.0403,0.7699
09-DEC-2014,VISESHINFO,0.10,0.15,-0.4055,0.1758,0.1973,3.7694
09-DEC-2014,VISUINTL,0.75,0.75,0.0000,0.0374,0.0363,0.6935
09-DEC-2014,VIVIDHA,816.45,811.00,0.0067,0.0339,0.0329,0.6286
09-DEC-2014,VIVIMEDLAB,337.90,350.15,-0.0356,0.0166,0.0183,0.3496
09-DEC-2014,VKSPL,0.30,0.30,0.0000,0.1219,0.1182,2.2582
09-DEC-2014,VLSFINANCE,25.45,26.50,-0.0404,0.0334,0.0339,0.6477
09-DEC-2014,VMART,504.80,522.30,-0.0341,0.0200,0.0211,0.4031
09-DEC-2014,VOLTAMP,765.90,792.30,-0.0339,0.0445,0.0439,0.8387
09-DEC-2014,VOLTAS,264.70,273.45,-0.0325,0.0241,0.0247,0.4719
09-DEC-2014,VSSL,32.15,32.45,-0.0093,0.0224,0.0218,0.4165
09-DEC-2014,VSTIND,1912.65,1915.45,-0.0015,0.0126,0.0122,0.2331
09-DEC-2014,VSTTILLERS,1349.25,1342.95,0.0047,0.0253,0.0246,0.4700
09-DEC-2014,VTL,420.70,425.75,-0.0119,0.0172,0.0169,0.3229
09-DEC-2014,VTMLTD,24.60,24.40,0.0082,0.0293,0.0285,0.5445
09-DEC-2014,VTXIND,3.80,3.80,0.0000,0.0263,0.0255,0.4872
09-DEC-2014,WABAG,1523.30,1547.70,-0.0159,0.0174,0.0173,0.3305
09-DEC-2014,WABCOINDIA,4476.85,4617.25,-0.0309,0.0180,0.0190,0.3630
09-DEC-2014,WALCHANNAG,133.95,137.55,-0.0265,0.0326,0.0323,0.6171
09-DEC-2014,WANBURY,30.35,31.90,-0.0498,0.0373,0.0382,0.7298
09-DEC-2014,WEBELSOLAR,17.45,18.55,-0.0611,0.0391,0.0408,0.7795
09-DEC-2014,WEIZFOREX,255.45,253.55,0.0075,0.0373,0.0362,0.6916
09-DEC-2014,WEIZMANIND,12.40,12.40,0.0000,0.0588,0.0570,1.0890
09-DEC-2014,WELCORP,74.55,76.60,-0.0271,0.0188,0.0194,0.3706
09-DEC-2014,WELENTRP,345.55,345.05,0.0014,0.0328,0.0318,0.6075
09-DEC-2014,WELINV,39.90,37.45,0.0634,0.0438,0.0452,0.8635
09-DEC-2014,WELPROJ,28.75,30.00,-0.0426,0.0404,0.0405,0.7738
09-DEC-2014,WELSPUNIND,355.60,363.60,-0.0222,0.0262,0.0260,0.4967
09-DEC-2014,WENDT,2030.40,2096.05,-0.0318,0.0324,0.0324,0.6190
09-DEC-2014,WHEELS,947.40,948.15,-0.0008,0.0160,0.0155,0.2961
09-DEC-2014,WHIRLPOOL,621.75,609.65,0.0197,0.0313,0.0307,0.5865
09-DEC-2014,WILLAMAGOR,67.20,69.20,-0.0293,0.0433,0.0426,0.8139
09-DEC-2014,WINDMACHIN,26.90,27.20,-0.0111,0.0263,0.0256,0.4891
09-DEC-2014,WINSOME,1.50,1.50,0.0000,0.0359,0.0348,0.6649
09-DEC-2014,WINSOMEDJ,1.25,1.30,-0.0392,0.0473,0.0469,0.8960
09-DEC-2014,WIPRO,556.90,568.35,-0.0204,0.0120,0.0127,0.2426
09-DEC-2014,WOCKPHARMA,1008.80,1013.35,-0.0045,0.0298,0.0289,0.5521
09-DEC-2014,WONDERLA,282.00,286.30,-0.0151,0.0182,0.0180,0.3439
09-DEC-2014,WSI,16.10,16.05,0.0031,0.0646,0.0626,1.1960
09-DEC-2014,WSTCSTPAPR,58.45,59.35,-0.0153,0.0211,0.0208,0.3974
09-DEC-2014,WYETH,1333.85,1364.35,-0.0226,0.0248,0.0247,0.4719
09-DEC-2014,XCHANGING,41.55,43.60,-0.0482,0.0406,0.0411,0.7852
09-DEC-2014,XLENERGY,2.70,2.70,0.0000,0.0430,0.0417,0.7967
09-DEC-2014,XPROINDIA,38.90,40.30,-0.0354,0.0319,0.0321,0.6133
09-DEC-2014,YESBANK,716.80,735.75,-0.0261,0.0199,0.0203,0.3878
09-DEC-2014,ZANDUREALT,1882.75,1915.25,-0.0171,0.0229,0.0226,0.4318
09-DEC-2014,ZEEL,365.95,374.55,-0.0232,0.0189,0.0192,0.3668
09-DEC-2014,ZEELEARN,31.65,32.20,-0.0172,0.0169,0.0169,0.3229
09-DEC-2014,ZEEMEDIA,20.55,21.35,-0.0382,0.0294,0.0300,0.5731
09-DEC-2014,ZENITHBIR,1.00,1.10,-0.0953,0.0407,0.0458,0.8750
09-DEC-2014,ZENITHCOMP,4.25,4.25,0.0000,0.0349,0.0338,0.6457
09-DEC-2014,ZENITHEXPO,64.00,64.00,0.0000,0.0165,0.0160,0.3057
09-DEC-2014,ZENITHINFO,2.60,2.60,0.0000,0.0225,0.0218,0.4165
09-DEC-2014,ZENSARTECH,596.55,596.60,-0.0001,0.0224,0.0217,0.4146
09-DEC-2014,ZICOM,153.80,157.90,-0.0263,0.0408,0.0401,0.7661
09-DEC-2014,ZODIACLOTH,386.90,390.00,-0.0080,0.0139,0.0136,0.2598
09-DEC-2014,ZODJRDMKJ,43.20,41.15,0.0486,0.0439,0.0442,0.8444
09-DEC-2014,ZUARI,281.00,282.80,-0.0064,0.0368,0.0357,0.6820
09-DEC-2014,ZUARIGLOB,112.45,113.25,-0.0071,0.0322,0.0313,0.5980
09-DEC-2014,ZYDUSWELL,888.85,923.95,-0.0387,0.0478,0.0473,0.9037
09-DEC-2014,ZYLOG,6.90,7.10,-0.0286,0.0385,0.0380,0.7260
