Date,Symbol,Underlying Close Price (A),Underlying Previous Day Close Price (B),Underlying Log Returns (C) = LN(A/B),Previous Day Underlying Volatility (D),Current Day Underlying Daily Volatility (E) = Sqrt(0.94*D*D + 0.06*C*C),Underlying Annualised Volatility (F) = E*Sqrt(365)
16-FEB-2017,20MICRONS,36.60,36.05,0.0151,0.0316,0.0309,0.5903
16-FEB-2017,3IINFOTECH,5.20,5.25,-0.0096,0.0245,0.0239,0.4566
16-FEB-2017,3MINDIA,11190.85,11130.30,0.0054,0.0171,0.0166,0.3171
16-FEB-2017,63MOONS,79.15,79.20,-0.0006,0.0190,0.0184,0.3515
16-FEB-2017,8KMILES,593.05,585.85,0.0122,0.0169,0.0167,0.3191
16-FEB-2017,A2ZINFRA,39.75,39.70,0.0013,0.0238,0.0231,0.4413
16-FEB-2017,AARTIDRUGS,611.85,606.05,0.0095,0.0117,0.0116,0.2216
16-FEB-2017,AARTIIND,792.80,775.55,0.0220,0.0137,0.0143,0.2732
16-FEB-2017,AARVEEDEN,74.00,73.25,0.0102,0.0391,0.0380,0.7260
16-FEB-2017,ABAN,232.90,232.50,0.0017,0.0190,0.0184,0.3515
16-FEB-2017,ABB,1227.30,1170.40,0.0475,0.0237,0.0258,0.4929
16-FEB-2017,ABBOTINDIA,4451.45,4424.40,0.0061,0.0105,0.0103,0.1968
16-FEB-2017,ABFRL,150.00,149.95,0.0003,0.0159,0.0154,0.2942
16-FEB-2017,ABGSHIP,26.95,27.05,-0.0037,0.0211,0.0205,0.3917
16-FEB-2017,ABHISHEK,4.50,4.50,0.0000,0.0016,0.0016,0.0306
16-FEB-2017,ABIRLANUVO,1493.95,1453.25,0.0276,0.0212,0.0216,0.4127
16-FEB-2017,ABMINTLTD,133.45,127.10,0.0488,0.0244,0.0265,0.5063
16-FEB-2017,ACC,1455.85,1442.90,0.0089,0.0174,0.0170,0.3248
16-FEB-2017,ACCELYA,1583.00,1575.40,0.0048,0.0223,0.0217,0.4146
16-FEB-2017,ACE,55.60,54.25,0.0246,0.0290,0.0288,0.5502
16-FEB-2017,ADANIENT,94.30,92.25,0.0220,0.0335,0.0329,0.6286
16-FEB-2017,ADANIPORTS,298.60,299.95,-0.0045,0.0189,0.0184,0.3515
16-FEB-2017,ADANIPOWER,35.10,34.65,0.0129,0.0266,0.0260,0.4967
16-FEB-2017,ADANITRANS,63.50,63.45,0.0008,0.0263,0.0255,0.4872
16-FEB-2017,ADFFOODS,149.80,147.50,0.0155,0.0231,0.0227,0.4337
16-FEB-2017,ADHUNIK,7.20,7.35,-0.0206,0.0242,0.0240,0.4585
16-FEB-2017,ADHUNIKIND,101.95,101.15,0.0079,0.0175,0.0171,0.3267
16-FEB-2017,ADLABS,74.10,73.70,0.0054,0.0231,0.0224,0.4280
16-FEB-2017,ADORWELD,287.05,287.15,-0.0003,0.0161,0.0156,0.2980
16-FEB-2017,ADSL,30.15,30.80,-0.0213,0.0224,0.0223,0.4260
16-FEB-2017,ADVANIHOTR,53.30,52.25,0.0199,0.0298,0.0293,0.5598
16-FEB-2017,ADVENZYMES,1598.95,1593.85,0.0032,0.0278,0.0270,0.5158
16-FEB-2017,AEGISCHEM,198.00,192.35,0.0290,0.0472,0.0463,0.8846
16-FEB-2017,AFL,65.55,65.30,0.0038,0.0259,0.0251,0.4795
16-FEB-2017,AGARIND,404.50,396.40,0.0202,0.0293,0.0288,0.5502
16-FEB-2017,AGCNET,86.95,86.90,0.0006,0.0243,0.0236,0.4509
16-FEB-2017,AGRITECH,30.85,30.05,0.0263,0.0302,0.0300,0.5731
16-FEB-2017,AHLEAST,218.55,219.95,-0.0064,0.0332,0.0322,0.6152
16-FEB-2017,AHLUCONT,297.05,296.15,0.0030,0.0158,0.0153,0.2923
16-FEB-2017,AHLWEST,211.95,208.85,0.0147,0.0219,0.0215,0.4108
16-FEB-2017,AIAENG,1549.90,1450.55,0.0662,0.0209,0.0260,0.4967
16-FEB-2017,AICHAMP,24.00,24.00,0.0000,0.0298,0.0289,0.5521
16-FEB-2017,AIFL,409.10,397.95,0.0276,0.0238,0.0240,0.4585
16-FEB-2017,AJANTPHARM,1764.15,1754.50,0.0055,0.0132,0.0129,0.2465
16-FEB-2017,AJMERA,181.90,174.15,0.0435,0.0276,0.0288,0.5502
16-FEB-2017,AKSHOPTFBR,22.90,22.60,0.0132,0.0235,0.0230,0.4394
16-FEB-2017,AKZOINDIA,1478.05,1495.25,-0.0116,0.0118,0.0118,0.2254
16-FEB-2017,ALANKIT,29.05,29.15,-0.0034,0.0288,0.0279,0.5330
16-FEB-2017,ALBERTDAVD,341.40,339.50,0.0056,0.0223,0.0217,0.4146
16-FEB-2017,ALBK,70.70,70.30,0.0057,0.0200,0.0194,0.3706
16-FEB-2017,ALCHEM,22.05,21.80,0.0114,0.0213,0.0208,0.3974
16-FEB-2017,ALEMBICLTD,37.65,37.25,0.0107,0.0266,0.0259,0.4948
16-FEB-2017,ALICON,370.75,369.80,0.0026,0.0220,0.0213,0.4069
16-FEB-2017,ALKALI,77.45,76.40,0.0136,0.0346,0.0337,0.6438
16-FEB-2017,ALKEM,2010.20,1977.00,0.0167,0.0188,0.0187,0.3573
16-FEB-2017,ALKYLAMINE,355.55,340.70,0.0427,0.0234,0.0250,0.4776
16-FEB-2017,ALLCARGO,161.50,161.05,0.0028,0.0179,0.0174,0.3324
16-FEB-2017,ALLSEC,426.05,422.80,0.0077,0.0255,0.0248,0.4738
16-FEB-2017,ALMONDZ,15.50,15.75,-0.0160,0.0336,0.0328,0.6266
16-FEB-2017,ALOKTEXT,3.35,3.30,0.0150,0.0357,0.0348,0.6649
16-FEB-2017,ALPA,42.00,40.00,0.0488,0.0332,0.0343,0.6553
16-FEB-2017,ALPHAGEO,941.30,935.90,0.0058,0.0191,0.0186,0.3554
16-FEB-2017,ALPSINDUS,7.45,7.05,0.0552,0.0456,0.0462,0.8826
16-FEB-2017,AMARAJABAT,849.50,848.50,0.0012,0.0150,0.0145,0.2770
16-FEB-2017,AMBIKCO,1142.75,1126.05,0.0147,0.0191,0.0189,0.3611
16-FEB-2017,AMBUJACEM,235.65,235.05,0.0025,0.0163,0.0158,0.3019
16-FEB-2017,AMDIND,28.00,26.95,0.0382,0.0258,0.0267,0.5101
16-FEB-2017,AMRUTANJAN,573.20,563.90,0.0164,0.0253,0.0249,0.4757
16-FEB-2017,AMTEKAUTO,34.05,34.50,-0.0131,0.0311,0.0303,0.5789
16-FEB-2017,AMTL,24.20,23.90,0.0125,0.0296,0.0289,0.5521
16-FEB-2017,ANANDAMRUB,17.60,17.60,0.0000,0.0093,0.0090,0.1719
16-FEB-2017,ANANTRAJ,44.80,43.75,0.0237,0.0286,0.0283,0.5407
16-FEB-2017,ANDHRABANK,53.85,53.55,0.0056,0.0190,0.0185,0.3534
16-FEB-2017,ANDHRACEMT,11.20,10.75,0.0410,0.0595,0.0586,1.1196
16-FEB-2017,ANDHRSUGAR,266.85,268.30,-0.0054,0.0256,0.0249,0.4757
16-FEB-2017,ANGIND,10.90,10.65,0.0232,0.0227,0.0227,0.4337
16-FEB-2017,ANIKINDS,26.00,26.25,-0.0096,0.0289,0.0281,0.5368
16-FEB-2017,ANKITMETAL,2.00,1.95,0.0253,0.0328,0.0324,0.6190
16-FEB-2017,ANSALAPI,14.90,14.85,0.0034,0.0227,0.0220,0.4203
16-FEB-2017,ANSALHSG,23.15,23.30,-0.0065,0.0341,0.0331,0.6324
16-FEB-2017,ANTGRAPHIC,1.50,1.55,-0.0328,0.0337,0.0336,0.6419
16-FEB-2017,APARINDS,725.80,723.95,0.0026,0.0267,0.0259,0.4948
16-FEB-2017,APCOTEXIND,319.65,319.35,0.0009,0.0214,0.0207,0.3955
16-FEB-2017,APLAPOLLO,1098.90,1101.05,-0.0020,0.0145,0.0141,0.2694
16-FEB-2017,APLLTD,549.70,545.40,0.0079,0.0116,0.0114,0.2178
16-FEB-2017,APOLLOHOSP,1255.45,1231.60,0.0192,0.0147,0.0150,0.2866
16-FEB-2017,APOLLOTYRE,178.90,174.20,0.0266,0.0161,0.0169,0.3229
16-FEB-2017,APOLSINHOT,601.55,572.95,0.0487,0.0403,0.0409,0.7814
16-FEB-2017,APTECHT,233.50,226.05,0.0324,0.0494,0.0485,0.9266
16-FEB-2017,ARCHIDPLY,61.30,62.15,-0.0138,0.0258,0.0252,0.4814
16-FEB-2017,ARCHIES,23.00,22.85,0.0065,0.0257,0.0250,0.4776
16-FEB-2017,ARCOTECH,634.95,631.50,0.0054,0.0769,0.0746,1.4252
16-FEB-2017,ARIES,162.35,156.55,0.0364,0.0397,0.0395,0.7546
16-FEB-2017,ARIHANT,54.00,54.00,0.0000,0.0343,0.0333,0.6362
16-FEB-2017,ARMANFIN,221.60,218.55,0.0139,0.0370,0.0360,0.6878
16-FEB-2017,AROGRANITE,73.60,71.10,0.0346,0.0223,0.0232,0.4432
16-FEB-2017,ARROWGREEN,485.40,462.20,0.0490,0.0265,0.0284,0.5426
16-FEB-2017,ARROWTEX,45.60,44.40,0.0267,0.0490,0.0480,0.9170
16-FEB-2017,ARSHIYA,49.15,47.70,0.0299,0.0641,0.0626,1.1960
16-FEB-2017,ARSSINFRA,63.05,62.85,0.0032,0.0305,0.0296,0.5655
16-FEB-2017,ARVIND,376.45,368.30,0.0219,0.0175,0.0178,0.3401
16-FEB-2017,ARVSMART,70.40,69.80,0.0086,0.0151,0.0148,0.2828
16-FEB-2017,ASAHIINDIA,202.90,203.05,-0.0007,0.0144,0.0140,0.2675
16-FEB-2017,ASAHISONG,241.60,239.50,0.0087,0.0239,0.0233,0.4451
16-FEB-2017,ASAL,67.80,69.20,-0.0204,0.0323,0.0317,0.6056
16-FEB-2017,ASHAPURMIN,64.85,61.30,0.0563,0.0236,0.0267,0.5101
16-FEB-2017,ASHIANA,183.45,186.55,-0.0168,0.0452,0.0440,0.8406
16-FEB-2017,ASHIMASYN,15.10,15.20,-0.0066,0.0325,0.0316,0.6037
16-FEB-2017,ASHOKA,189.55,186.95,0.0138,0.0210,0.0206,0.3936
16-FEB-2017,ASHOKLEY,94.25,93.20,0.0112,0.0180,0.0177,0.3382
16-FEB-2017,ASIANHOTNR,103.30,104.00,-0.0068,0.0151,0.0147,0.2808
16-FEB-2017,ASIANPAINT,969.90,981.70,-0.0121,0.0102,0.0103,0.1968
16-FEB-2017,ASIANTILES,270.55,267.40,0.0117,0.0226,0.0221,0.4222
16-FEB-2017,ASIL,0.65,0.65,0.0000,0.0388,0.0376,0.7183
16-FEB-2017,ASPINWALL,213.40,211.30,0.0099,0.0284,0.0276,0.5273
16-FEB-2017,ASSAMCO,6.30,6.35,-0.0079,0.0374,0.0363,0.6935
16-FEB-2017,ASTEC,587.50,587.70,-0.0003,0.0183,0.0177,0.3382
16-FEB-2017,ASTRAL,449.30,449.25,0.0001,0.0213,0.0207,0.3955
16-FEB-2017,ASTRAMICRO,113.00,110.40,0.0233,0.0176,0.0180,0.3439
16-FEB-2017,ASTRAZEN,915.35,916.35,-0.0011,0.0092,0.0089,0.1700
16-FEB-2017,ATFL,524.85,522.80,0.0039,0.0200,0.0194,0.3706
16-FEB-2017,ATLANTA,81.00,81.35,-0.0043,0.0211,0.0205,0.3917
16-FEB-2017,ATLASCYCLE,412.70,393.05,0.0488,0.0471,0.0472,0.9018
16-FEB-2017,ATNINTER,0.35,0.35,0.0000,0.1093,0.1060,2.0251
16-FEB-2017,ATUL,2227.35,2219.90,0.0034,0.0181,0.0176,0.3362
16-FEB-2017,ATULAUTO,416.55,419.80,-0.0078,0.0125,0.0123,0.2350
16-FEB-2017,AURIONPRO,124.40,123.80,0.0048,0.0312,0.0303,0.5789
16-FEB-2017,AUROPHARMA,657.15,636.00,0.0327,0.0215,0.0223,0.4260
16-FEB-2017,AUSOMENT,26.75,25.70,0.0400,0.0354,0.0357,0.6820
16-FEB-2017,AUSTRAL,0.30,0.30,0.0000,0.0867,0.0841,1.6067
16-FEB-2017,AUTOAXLES,643.00,656.40,-0.0206,0.0165,0.0168,0.3210
16-FEB-2017,AUTOIND,51.30,51.55,-0.0049,0.0236,0.0229,0.4375
16-FEB-2017,AUTOLITIND,51.15,51.70,-0.0107,0.0161,0.0158,0.3019
16-FEB-2017,AVANTI,704.95,704.95,0.0000,0.0016,0.0016,0.0306
16-FEB-2017,AVANTIFEED,599.05,582.25,0.0284,0.0183,0.0191,0.3649
16-FEB-2017,AVTNPL,36.95,36.70,0.0068,0.0218,0.0212,0.4050
16-FEB-2017,AXISBANK,493.15,488.20,0.0101,0.0169,0.0166,0.3171
16-FEB-2017,AXISCADES,163.35,159.60,0.0232,0.0269,0.0267,0.5101
16-FEB-2017,AXISGOLD,2615.30,2610.00,0.0020,0.0062,0.0060,0.1146
16-FEB-2017,AYMSYNTEX,81.15,76.90,0.0538,0.0416,0.0424,0.8101
16-FEB-2017,BAFNAPHARM,30.35,30.15,0.0066,0.0223,0.0217,0.4146
16-FEB-2017,BAGFILMS,4.40,4.35,0.0114,0.0339,0.0330,0.6305
16-FEB-2017,BAJAJ-AUTO,2783.65,2789.60,-0.0021,0.0103,0.0100,0.1910
16-FEB-2017,BAJAJCORP,371.65,369.00,0.0072,0.0120,0.0118,0.2254
16-FEB-2017,BAJAJELEC,255.30,251.10,0.0166,0.0214,0.0211,0.4031
16-FEB-2017,BAJAJFINSV,3671.20,3628.35,0.0117,0.0242,0.0236,0.4509
16-FEB-2017,BAJAJHIND,14.55,14.40,0.0104,0.0274,0.0267,0.5101
16-FEB-2017,BAJAJHLDNG,2056.10,2037.55,0.0091,0.0147,0.0144,0.2751
16-FEB-2017,BAJFINANCE,1094.35,1040.40,0.0506,0.0227,0.0253,0.4834
16-FEB-2017,BALAJITELE,90.55,89.80,0.0083,0.0168,0.0164,0.3133
16-FEB-2017,BALAMINES,336.80,331.60,0.0156,0.0189,0.0187,0.3573
16-FEB-2017,BALKRISHNA,69.05,68.85,0.0029,0.0241,0.0234,0.4471
16-FEB-2017,BALKRISIND,1168.55,1160.60,0.0068,0.0205,0.0199,0.3802
16-FEB-2017,BALLARPUR,16.40,16.00,0.0247,0.0222,0.0224,0.4280
16-FEB-2017,BALMLAWRIE,208.00,211.10,-0.0148,0.0171,0.0170,0.3248
16-FEB-2017,BALPHARMA,90.90,91.20,-0.0033,0.0176,0.0171,0.3267
16-FEB-2017,BALRAMCHIN,156.70,152.30,0.0285,0.0198,0.0204,0.3897
16-FEB-2017,BANARBEADS,75.40,62.85,0.1821,0.0376,0.0576,1.1004
16-FEB-2017,BANARISUG,2138.80,2121.95,0.0079,0.0272,0.0264,0.5044
16-FEB-2017,BANCOINDIA,193.35,193.05,0.0016,0.0262,0.0254,0.4853
16-FEB-2017,BANG,49.65,49.30,0.0071,0.0596,0.0578,1.1043
16-FEB-2017,BANKBARODA,166.05,163.20,0.0173,0.0335,0.0328,0.6266
16-FEB-2017,BANKBEES,2043.46,2034.36,0.0045,0.0093,0.0091,0.1739
16-FEB-2017,BANKINDIA,125.45,123.75,0.0136,0.0240,0.0235,0.4490
16-FEB-2017,BANSWRAS,139.10,142.65,-0.0252,0.0235,0.0236,0.4509
16-FEB-2017,BARTRONICS,16.90,17.00,-0.0059,0.0331,0.0321,0.6133
16-FEB-2017,BASF,1203.90,1188.50,0.0129,0.0231,0.0226,0.4318
16-FEB-2017,BASML,285.25,281.60,0.0129,0.0249,0.0243,0.4643
16-FEB-2017,BATAINDIA,496.20,488.05,0.0166,0.0159,0.0159,0.3038
16-FEB-2017,BAYERCROP,4078.65,4030.60,0.0119,0.0126,0.0126,0.2407
16-FEB-2017,BBL,817.65,820.10,-0.0030,0.0202,0.0196,0.3745
16-FEB-2017,BBTC,605.30,603.00,0.0038,0.0155,0.0151,0.2885
16-FEB-2017,BEARDSELL,342.05,360.05,-0.0513,0.0334,0.0347,0.6629
16-FEB-2017,BEDMUTHA,29.35,26.35,0.1078,0.0374,0.0449,0.8578
16-FEB-2017,BEL,1526.40,1524.55,0.0012,0.0152,0.0147,0.2808
16-FEB-2017,BEML,1285.00,1256.25,0.0226,0.0271,0.0269,0.5139
16-FEB-2017,BEPL,22.65,22.50,0.0066,0.0246,0.0239,0.4566
16-FEB-2017,BERGEPAINT,224.10,222.35,0.0078,0.0199,0.0194,0.3706
16-FEB-2017,BFINVEST,159.30,155.20,0.0261,0.0270,0.0269,0.5139
16-FEB-2017,BFUTILITIE,389.60,380.20,0.0244,0.0253,0.0252,0.4814
16-FEB-2017,BGLOBAL,12.75,13.40,-0.0497,0.0432,0.0436,0.8330
16-FEB-2017,BGRENERGY,140.50,137.35,0.0227,0.0332,0.0327,0.6247
16-FEB-2017,BHAGERIA,332.90,322.80,0.0308,0.0423,0.0417,0.7967
16-FEB-2017,BHAGYNAGAR,21.95,21.90,0.0023,0.0339,0.0329,0.6286
16-FEB-2017,BHANDARI,3.05,3.05,0.0000,0.0366,0.0355,0.6782
16-FEB-2017,BHARATFIN,836.75,819.85,0.0204,0.0312,0.0307,0.5865
16-FEB-2017,BHARATFORG,1081.10,1017.25,0.0609,0.0214,0.0256,0.4891
16-FEB-2017,BHARATGEAR,113.85,111.20,0.0236,0.0272,0.0270,0.5158
16-FEB-2017,BHARATIDIL,15.20,15.10,0.0066,0.0185,0.0180,0.3439
16-FEB-2017,BHARATRAS,2332.75,2357.95,-0.0107,0.0343,0.0334,0.6381
16-FEB-2017,BHARATWIRE,99.20,100.20,-0.0100,0.0335,0.0326,0.6228
16-FEB-2017,BHARTIARTL,365.70,365.30,0.0011,0.0181,0.0176,0.3362
16-FEB-2017,BHEL,153.35,152.10,0.0082,0.0224,0.0218,0.4165
16-FEB-2017,BHUSANSTL,54.70,52.45,0.0420,0.0436,0.0435,0.8311
16-FEB-2017,BIGBLOC,64.45,63.45,0.0156,0.0225,0.0221,0.4222
16-FEB-2017,BIL,471.30,475.85,-0.0096,0.0185,0.0181,0.3458
16-FEB-2017,BILENERGY,0.75,0.75,0.0000,0.0542,0.0525,1.0030
16-FEB-2017,BILPOWER,1.20,1.15,0.0426,0.0275,0.0286,0.5464
16-FEB-2017,BINANIIND,75.85,75.45,0.0053,0.0263,0.0255,0.4872
16-FEB-2017,BINDALAGRO,25.85,25.35,0.0195,0.0217,0.0216,0.4127
16-FEB-2017,BIOCON,1095.30,1058.70,0.0340,0.0165,0.0180,0.3439
16-FEB-2017,BIRLACABLE,40.25,38.70,0.0393,0.0351,0.0354,0.6763
16-FEB-2017,BIRLACORPN,706.55,710.00,-0.0049,0.0146,0.0142,0.2713
16-FEB-2017,BIRLACOT,0.10,0.10,0.0000,0.4458,0.4322,8.2572
16-FEB-2017,BIRLAMONEY,29.75,29.60,0.0051,0.0293,0.0284,0.5426
16-FEB-2017,BLBLIMITED,6.05,5.75,0.0509,0.0367,0.0377,0.7203
16-FEB-2017,BLISSGVS,150.50,144.15,0.0431,0.0195,0.0217,0.4146
16-FEB-2017,BLKASHYAP,20.40,20.65,-0.0122,0.0325,0.0317,0.6056
16-FEB-2017,BLS,1824.40,1833.90,-0.0052,0.0120,0.0117,0.2235
16-FEB-2017,BLUEBLENDS,53.25,52.70,0.0104,0.0355,0.0345,0.6591
16-FEB-2017,BLUECHIP,0.35,0.40,-0.1335,0.0599,0.0667,1.2743
16-FEB-2017,BLUECOAST,123.50,117.65,0.0485,0.0321,0.0333,0.6362
16-FEB-2017,BLUEDART,4176.90,4177.85,-0.0002,0.0096,0.0093,0.1777
16-FEB-2017,BLUESTARCO,570.20,560.10,0.0179,0.0158,0.0159,0.3038
16-FEB-2017,BODALCHEM,132.75,130.90,0.0140,0.0163,0.0162,0.3095
16-FEB-2017,BOMDYEING,57.15,55.70,0.0257,0.0244,0.0245,0.4681
16-FEB-2017,BOSCHLTD,21825.70,22021.20,-0.0089,0.0184,0.0180,0.3439
16-FEB-2017,BPCL,669.40,674.70,-0.0079,0.0177,0.0173,0.3305
16-FEB-2017,BPL,61.15,59.25,0.0316,0.0269,0.0272,0.5197
16-FEB-2017,BRFL,154.85,155.00,-0.0010,0.0174,0.0169,0.3229
16-FEB-2017,BRIGADE,161.25,161.40,-0.0009,0.0186,0.0180,0.3439
16-FEB-2017,BRITANNIA,3230.75,3194.35,0.0113,0.0126,0.0125,0.2388
16-FEB-2017,BROOKS,140.50,137.45,0.0219,0.0265,0.0262,0.5006
16-FEB-2017,BSE,963.90,981.70,-0.0183,0.0117,0.0122,0.2331
16-FEB-2017,BSELINFRA,4.10,4.15,-0.0121,0.0449,0.0436,0.8330
16-FEB-2017,BSL,76.50,75.20,0.0171,0.0251,0.0247,0.4719
16-FEB-2017,BSLGOLDETF,2800.00,2790.00,0.0036,0.0142,0.0138,0.2636
16-FEB-2017,BSLIMITED,2.15,2.20,-0.0230,0.0311,0.0307,0.5865
16-FEB-2017,BSLNIFTY,91.26,91.25,0.0001,0.0238,0.0231,0.4413
16-FEB-2017,BURNPUR,13.45,14.05,-0.0436,0.0365,0.0370,0.7069
16-FEB-2017,BUTTERFLY,169.90,167.80,0.0124,0.0273,0.0266,0.5082
16-FEB-2017,BVCL,29.60,29.10,0.0170,0.0395,0.0385,0.7355
16-FEB-2017,BYKE,185.15,173.50,0.0650,0.0202,0.0252,0.4814
16-FEB-2017,CADILAHC,429.50,358.40,0.1810,0.0220,0.0492,0.9400
16-FEB-2017,CAIRN,287.50,274.80,0.0452,0.0187,0.0212,0.4050
16-FEB-2017,CALSOFT,7.50,7.75,-0.0328,0.0191,0.0202,0.3859
16-FEB-2017,CAMLINFINE,97.95,97.75,0.0020,0.0201,0.0195,0.3725
16-FEB-2017,CANBK,296.05,293.35,0.0092,0.0201,0.0196,0.3745
16-FEB-2017,CANDC,21.90,21.35,0.0254,0.0474,0.0464,0.8865
16-FEB-2017,CANFINHOME,2013.10,1992.70,0.0102,0.0247,0.0241,0.4604
16-FEB-2017,CANTABIL,65.30,64.15,0.0178,0.0275,0.0270,0.5158
16-FEB-2017,CAPF,676.95,646.05,0.0467,0.0228,0.0249,0.4757
16-FEB-2017,CAPLIPOINT,393.50,378.80,0.0381,0.0272,0.0280,0.5349
16-FEB-2017,CAPTRUST,480.50,456.10,0.0521,0.0255,0.0278,0.5311
16-FEB-2017,CARBORUNIV,262.05,257.05,0.0193,0.0149,0.0152,0.2904
16-FEB-2017,CAREERP,115.05,114.10,0.0083,0.0200,0.0195,0.3725
16-FEB-2017,CARERATING,1369.75,1371.40,-0.0012,0.0140,0.0136,0.2598
16-FEB-2017,CASTEXTECH,8.00,8.00,0.0000,0.0299,0.0290,0.5540
16-FEB-2017,CASTROLIND,416.35,413.40,0.0071,0.0132,0.0129,0.2465
16-FEB-2017,CCCL,3.75,3.75,0.0000,0.0338,0.0328,0.6266
16-FEB-2017,CCHHL,12.90,12.70,0.0156,0.0173,0.0172,0.3286
16-FEB-2017,CCL,315.70,314.85,0.0027,0.0123,0.0119,0.2273
16-FEB-2017,CEATLTD,1127.35,1085.85,0.0375,0.0183,0.0200,0.3821
16-FEB-2017,CEBBCO,13.70,13.45,0.0184,0.0276,0.0271,0.5177
16-FEB-2017,CELEBRITY,11.75,11.60,0.0128,0.0330,0.0321,0.6133
16-FEB-2017,CELESTIAL,21.55,21.75,-0.0092,0.0190,0.0186,0.3554
16-FEB-2017,CENTENKA,308.50,302.65,0.0191,0.0211,0.0210,0.4012
16-FEB-2017,CENTEXT,6.05,5.90,0.0251,0.0364,0.0358,0.6840
16-FEB-2017,CENTRALBK,85.95,85.70,0.0029,0.0140,0.0136,0.2598
16-FEB-2017,CENTUM,603.30,598.40,0.0082,0.0234,0.0228,0.4356
16-FEB-2017,CENTURYPLY,228.95,228.60,0.0015,0.0229,0.0222,0.4241
16-FEB-2017,CENTURYTEX,922.65,891.15,0.0347,0.0196,0.0208,0.3974
16-FEB-2017,CERA,2464.95,2502.00,-0.0149,0.0217,0.0214,0.4088
16-FEB-2017,CEREBRAINT,37.95,36.60,0.0362,0.0376,0.0375,0.7164
16-FEB-2017,CESC,853.60,847.30,0.0074,0.0190,0.0185,0.3534
16-FEB-2017,CGCL,39.30,42.50,-0.0783,0.0382,0.0417,0.7967
16-FEB-2017,CHAMBLFERT,80.10,80.25,-0.0019,0.0242,0.0235,0.4490
16-FEB-2017,CHEMFALKAL,280.80,282.00,-0.0043,0.0242,0.0235,0.4490
16-FEB-2017,CHENNPETRO,360.30,359.45,0.0024,0.0231,0.0224,0.4280
16-FEB-2017,CHOLAFIN,1020.50,995.00,0.0253,0.0170,0.0176,0.3362
16-FEB-2017,CHROMATIC,2.90,2.85,0.0174,0.0543,0.0528,1.0087
16-FEB-2017,CIGNITITEC,385.05,384.70,0.0009,0.0254,0.0246,0.4700
16-FEB-2017,CIMMCO,65.50,65.85,-0.0053,0.0253,0.0246,0.4700
16-FEB-2017,CINELINE,78.45,77.45,0.0128,0.0219,0.0215,0.4108
16-FEB-2017,CINEVISTA,7.40,7.50,-0.0134,0.0553,0.0537,1.0259
16-FEB-2017,CIPLA,584.60,574.25,0.0179,0.0143,0.0145,0.2770
16-FEB-2017,CLNINDIA,706.50,713.65,-0.0101,0.0160,0.0157,0.2999
16-FEB-2017,CMICABLES,168.70,164.55,0.0249,0.0317,0.0313,0.5980
16-FEB-2017,CNOVAPETRO,22.00,21.55,0.0207,0.0245,0.0243,0.4643
16-FEB-2017,COALINDIA,318.30,319.95,-0.0052,0.0153,0.0149,0.2847
16-FEB-2017,COFFEEDAY,238.75,235.50,0.0137,0.0258,0.0252,0.4814
16-FEB-2017,COLPAL,907.35,883.15,0.0270,0.0079,0.0101,0.1930
16-FEB-2017,COMPINFO,59.70,59.20,0.0084,0.0332,0.0323,0.6171
16-FEB-2017,COMPUSOFT,13.00,12.95,0.0039,0.0310,0.0301,0.5751
16-FEB-2017,CONCOR,1233.85,1229.65,0.0034,0.0186,0.0181,0.3458
16-FEB-2017,CONSOFINVT,52.95,53.75,-0.0150,0.0163,0.0162,0.3095
16-FEB-2017,CONTROLPR,261.20,254.25,0.0270,0.0330,0.0327,0.6247
16-FEB-2017,CORDSCABLE,76.25,75.15,0.0145,0.0350,0.0341,0.6515
16-FEB-2017,COROMANDEL,344.45,343.25,0.0035,0.0200,0.0194,0.3706
16-FEB-2017,CORPBANK,46.70,46.65,0.0011,0.0299,0.0290,0.5540
16-FEB-2017,COSMOFILMS,358.00,358.70,-0.0020,0.0147,0.0143,0.2732
16-FEB-2017,COUNCODOS,3.80,3.85,-0.0131,0.0348,0.0339,0.6477
16-FEB-2017,COX&KINGS,191.75,193.50,-0.0091,0.0160,0.0157,0.2999
16-FEB-2017,CPSEETF,27.67,27.48,0.0069,0.0111,0.0109,0.2082
16-FEB-2017,CREATIVEYE,3.90,3.90,0.0000,0.0265,0.0257,0.4910
16-FEB-2017,CREST,118.50,119.90,-0.0117,0.0488,0.0474,0.9056
16-FEB-2017,CRISIL,2060.40,2051.35,0.0044,0.0122,0.0119,0.2273
16-FEB-2017,CRMFGETF,2775.00,2752.00,0.0083,0.0065,0.0066,0.1261
16-FEB-2017,CROMPGREAV,66.25,64.90,0.0206,0.0241,0.0239,0.4566
16-FEB-2017,CROMPTON,189.95,189.80,0.0008,0.0235,0.0228,0.4356
16-FEB-2017,CTE,98.50,100.50,-0.0201,0.0166,0.0168,0.3210
16-FEB-2017,CUB,152.60,155.25,-0.0172,0.0287,0.0281,0.5368
16-FEB-2017,CUBEXTUB,12.35,13.00,-0.0513,0.0305,0.0321,0.6133
16-FEB-2017,CUMMINSIND,891.20,884.05,0.0081,0.0173,0.0169,0.3229
16-FEB-2017,CUPID,306.40,301.45,0.0163,0.0230,0.0227,0.4337
16-FEB-2017,CURATECH,7.20,6.90,0.0426,0.0251,0.0265,0.5063
16-FEB-2017,CYBERMEDIA,9.00,9.00,0.0000,0.0240,0.0233,0.4451
16-FEB-2017,CYBERTECH,78.90,78.85,0.0006,0.0235,0.0228,0.4356
16-FEB-2017,CYIENT,470.10,465.25,0.0104,0.0117,0.0116,0.2216
16-FEB-2017,DAAWAT,54.30,52.20,0.0394,0.0554,0.0546,1.0431
16-FEB-2017,DABUR,266.00,265.10,0.0034,0.0115,0.0112,0.2140
16-FEB-2017,DALMIABHA,1902.10,1913.90,-0.0062,0.0224,0.0218,0.4165
16-FEB-2017,DALMIASUG,169.75,161.40,0.0504,0.0302,0.0318,0.6075
16-FEB-2017,DAMODARIND,73.85,76.85,-0.0398,0.0194,0.0212,0.4050
16-FEB-2017,DATAMATICS,141.50,132.80,0.0635,0.0444,0.0458,0.8750
16-FEB-2017,DBCORP,377.65,378.50,-0.0022,0.0125,0.0121,0.2312
16-FEB-2017,DBL,262.10,261.30,0.0031,0.0278,0.0270,0.5158
16-FEB-2017,DBREALTY,40.55,40.10,0.0112,0.0218,0.0213,0.4069
16-FEB-2017,DBSTOCKBRO,12.15,12.35,-0.0163,0.0124,0.0127,0.2426
16-FEB-2017,DCBBANK,138.20,134.20,0.0294,0.0189,0.0197,0.3764
16-FEB-2017,DCM,110.70,111.30,-0.0054,0.0271,0.0263,0.5025
16-FEB-2017,DCMSHRIRAM,274.50,275.30,-0.0029,0.0249,0.0242,0.4623
16-FEB-2017,DCW,31.50,31.10,0.0128,0.0267,0.0261,0.4986
16-FEB-2017,DECCANCE,1035.75,1029.75,0.0058,0.0239,0.0232,0.4432
16-FEB-2017,DECOLIGHT,1.30,1.30,0.0000,0.0016,0.0016,0.0306
16-FEB-2017,DEEPAKFERT,250.45,251.50,-0.0042,0.0281,0.0273,0.5216
16-FEB-2017,DEEPAKNTR,102.20,99.40,0.0278,0.0242,0.0244,0.4662
16-FEB-2017,DEEPIND,311.20,304.60,0.0214,0.0214,0.0214,0.4088
16-FEB-2017,DELTACORP,114.60,116.70,-0.0182,0.0301,0.0295,0.5636
16-FEB-2017,DELTAMAGNT,37.70,38.65,-0.0249,0.0338,0.0333,0.6362
16-FEB-2017,DEN,81.70,82.75,-0.0128,0.0271,0.0265,0.5063
16-FEB-2017,DENABANK,37.15,37.25,-0.0027,0.0235,0.0228,0.4356
16-FEB-2017,DENORA,219.80,219.40,0.0018,0.0318,0.0308,0.5884
16-FEB-2017,DFMFOODS,1902.75,1892.90,0.0052,0.0190,0.0185,0.3534
16-FEB-2017,DHAMPURSUG,195.20,196.25,-0.0054,0.0307,0.0298,0.5693
16-FEB-2017,DHANBANK,24.00,23.70,0.0126,0.0196,0.0193,0.3687
16-FEB-2017,DHANUKA,764.80,755.95,0.0116,0.0212,0.0208,0.3974
16-FEB-2017,DHARSUGAR,31.15,31.35,-0.0064,0.0424,0.0411,0.7852
16-FEB-2017,DHFL,304.60,294.40,0.0341,0.0198,0.0209,0.3993
16-FEB-2017,DHUNINV,169.15,169.95,-0.0047,0.0168,0.0163,0.3114
16-FEB-2017,DIAPOWER,40.20,39.70,0.0125,0.0371,0.0361,0.6897
16-FEB-2017,DICIND,465.90,459.05,0.0148,0.0162,0.0161,0.3076
16-FEB-2017,DIGJAMLTD,11.75,11.90,-0.0127,0.0251,0.0245,0.4681
16-FEB-2017,DISHMAN,208.55,208.20,0.0017,0.0235,0.0228,0.4356
16-FEB-2017,DISHTV,88.00,86.25,0.0201,0.0162,0.0165,0.3152
16-FEB-2017,DIVISLAB,733.20,709.50,0.0329,0.0315,0.0316,0.6037
16-FEB-2017,DLF,140.95,137.15,0.0273,0.0288,0.0287,0.5483
16-FEB-2017,DLINKINDIA,129.20,124.75,0.0350,0.0312,0.0314,0.5999
16-FEB-2017,DOLPHINOFF,125.95,123.35,0.0209,0.0290,0.0286,0.5464
16-FEB-2017,DONEAR,69.45,66.85,0.0382,0.0338,0.0341,0.6515
16-FEB-2017,DPL,74.80,74.85,-0.0007,0.0177,0.0172,0.3286
16-FEB-2017,DPSCLTD,42.00,40.50,0.0364,0.0169,0.0187,0.3573
16-FEB-2017,DQE,20.85,21.35,-0.0237,0.0242,0.0242,0.4623
16-FEB-2017,DREDGECORP,452.15,443.40,0.0195,0.0258,0.0255,0.4872
16-FEB-2017,DRREDDY,2923.20,2911.35,0.0041,0.0120,0.0117,0.2235
16-FEB-2017,DSKULKARNI,63.35,62.70,0.0103,0.0175,0.0172,0.3286
16-FEB-2017,DSSL,17.20,17.90,-0.0399,0.0334,0.0338,0.6457
16-FEB-2017,DTIL,291.20,286.30,0.0170,0.0143,0.0145,0.2770
16-FEB-2017,DUCON,59.90,62.95,-0.0497,0.0343,0.0354,0.6763
16-FEB-2017,DWARKESH,408.05,401.40,0.0164,0.0281,0.0275,0.5254
16-FEB-2017,DYNAMATECH,2958.05,2914.05,0.0150,0.0245,0.0240,0.4585
16-FEB-2017,EASTSILK,2.70,2.80,-0.0364,0.0311,0.0314,0.5999
16-FEB-2017,EASUNREYRL,25.00,25.70,-0.0276,0.0410,0.0403,0.7699
16-FEB-2017,EBANK,2037.00,2037.00,0.0000,0.0155,0.0150,0.2866
16-FEB-2017,ECEIND,239.75,237.70,0.0086,0.0258,0.0251,0.4795
16-FEB-2017,ECLERX,1364.60,1399.40,-0.0252,0.0132,0.0142,0.2713
16-FEB-2017,EDELWEISS,117.50,111.65,0.0511,0.0270,0.0290,0.5540
16-FEB-2017,EDL,54.55,54.95,-0.0073,0.0228,0.0222,0.4241
16-FEB-2017,EDUCOMP,11.10,11.05,0.0045,0.0361,0.0350,0.6687
16-FEB-2017,EICHERMOT,25331.30,24750.45,0.0232,0.0181,0.0184,0.3515
16-FEB-2017,EIDPARRY,282.25,282.70,-0.0016,0.0169,0.0164,0.3133
16-FEB-2017,EIHAHOTELS,302.00,304.65,-0.0087,0.0215,0.0210,0.4012
16-FEB-2017,EIHOTEL,102.25,102.90,-0.0063,0.0118,0.0115,0.2197
16-FEB-2017,EIMCOELECO,482.20,459.25,0.0488,0.0262,0.0281,0.5368
16-FEB-2017,EKC,34.10,32.90,0.0358,0.0284,0.0289,0.5521
16-FEB-2017,ELAND,25.25,25.05,0.0080,0.0421,0.0409,0.7814
16-FEB-2017,ELECON,52.55,53.00,-0.0085,0.0199,0.0194,0.3706
16-FEB-2017,ELECTCAST,28.05,27.70,0.0126,0.0229,0.0224,0.4280
16-FEB-2017,ELECTHERM,186.80,186.30,0.0027,0.0235,0.0228,0.4356
16-FEB-2017,ELGIEQUIP,208.40,205.45,0.0143,0.0171,0.0169,0.3229
16-FEB-2017,ELGIRUBCO,54.25,53.55,0.0130,0.0421,0.0409,0.7814
16-FEB-2017,EMAMIINFRA,62.25,61.00,0.0203,0.0201,0.0201,0.3840
16-FEB-2017,EMAMILTD,1081.25,1095.35,-0.0130,0.0240,0.0235,0.4490
16-FEB-2017,EMCO,29.00,28.80,0.0069,0.0219,0.0213,0.4069
16-FEB-2017,EMKAY,60.85,60.30,0.0091,0.0227,0.0221,0.4222
16-FEB-2017,EMMBI,134.50,128.35,0.0468,0.0252,0.0270,0.5158
16-FEB-2017,ENDURANCE,661.50,664.35,-0.0043,0.0199,0.0193,0.3687
16-FEB-2017,ENERGYDEV,47.95,45.70,0.0481,0.0350,0.0359,0.6859
16-FEB-2017,ENGINERSIN,148.35,145.75,0.0177,0.0249,0.0245,0.4681
16-FEB-2017,ENIL,810.35,812.55,-0.0027,0.0138,0.0134,0.2560
16-FEB-2017,EON,64.00,61.30,0.0431,0.0227,0.0244,0.4662
16-FEB-2017,EQ30,221.10,221.26,-0.0007,0.0150,0.0145,0.2770
16-FEB-2017,EQUITAS,177.25,172.90,0.0248,0.0219,0.0221,0.4222
16-FEB-2017,EROSMEDIA,191.80,199.15,-0.0376,0.0362,0.0363,0.6935
16-FEB-2017,ESABINDIA,590.00,578.85,0.0191,0.0147,0.0150,0.2866
16-FEB-2017,ESCORTS,409.85,407.60,0.0055,0.0261,0.0253,0.4834
16-FEB-2017,ESL,4.60,4.60,0.0000,0.0510,0.0494,0.9438
16-FEB-2017,ESSARSHPNG,27.00,26.70,0.0112,0.0125,0.0124,0.2369
16-FEB-2017,ESSDEE,48.95,50.10,-0.0232,0.0330,0.0325,0.6209
16-FEB-2017,ESSELPACK,239.35,240.90,-0.0065,0.0170,0.0166,0.3171
16-FEB-2017,ESTER,39.95,39.35,0.0151,0.0370,0.0361,0.6897
16-FEB-2017,EUROCERA,5.95,5.90,0.0084,0.0254,0.0247,0.4719
16-FEB-2017,EUROMULTI,1.85,1.80,0.0274,0.0180,0.0187,0.3573
16-FEB-2017,EUROTEXIND,30.00,30.85,-0.0279,0.0418,0.0411,0.7852
16-FEB-2017,EVEREADY,251.25,248.50,0.0110,0.0137,0.0136,0.2598
16-FEB-2017,EVERESTIND,187.90,186.35,0.0083,0.0191,0.0186,0.3554
16-FEB-2017,EXCEL,38.15,37.15,0.0266,0.0395,0.0388,0.7413
16-FEB-2017,EXCELCROP,1744.20,1769.35,-0.0143,0.0159,0.0158,0.3019
16-FEB-2017,EXCELINDUS,366.50,359.95,0.0180,0.0291,0.0286,0.5464
16-FEB-2017,EXIDEIND,210.45,208.60,0.0088,0.0181,0.0177,0.3382
16-FEB-2017,FACT,37.60,37.00,0.0161,0.0446,0.0434,0.8292
16-FEB-2017,FAGBEARING,4030.80,4002.30,0.0071,0.0116,0.0114,0.2178
16-FEB-2017,FAIRCHEM,477.85,478.20,-0.0007,0.0171,0.0166,0.3171
16-FEB-2017,FARMAXIND,0.15,0.15,0.0000,0.2134,0.2069,3.9528
16-FEB-2017,FCL,33.20,30.50,0.0848,0.0346,0.0395,0.7546
16-FEB-2017,FCONSUMER,26.15,25.35,0.0311,0.0334,0.0333,0.6362
16-FEB-2017,FCSSOFT,0.30,0.35,-0.1542,0.1196,0.1219,2.3289
16-FEB-2017,FDC,209.95,210.15,-0.0010,0.0213,0.0207,0.3955
16-FEB-2017,FEDDERLOYD,72.55,72.10,0.0062,0.0296,0.0287,0.5483
16-FEB-2017,FEDERALBNK,82.60,81.05,0.0189,0.0193,0.0193,0.3687
16-FEB-2017,FEL,27.95,27.35,0.0217,0.0503,0.0491,0.9381
16-FEB-2017,FELDVR,26.15,25.75,0.0154,0.0522,0.0508,0.9705
16-FEB-2017,FIEMIND,964.90,956.25,0.0090,0.0271,0.0264,0.5044
16-FEB-2017,FILATEX,68.65,68.30,0.0051,0.0239,0.0232,0.4432
16-FEB-2017,FINCABLES,437.45,438.55,-0.0025,0.0190,0.0184,0.3515
16-FEB-2017,FINPIPE,507.95,501.95,0.0119,0.0152,0.0150,0.2866
16-FEB-2017,FIRSTWIN,3.00,3.00,0.0000,0.0269,0.0261,0.4986
16-FEB-2017,FLEXITUFF,210.55,209.65,0.0043,0.0143,0.0139,0.2656
16-FEB-2017,FLFL,184.05,185.25,-0.0065,0.0285,0.0277,0.5292
16-FEB-2017,FMGOETZE,483.35,472.70,0.0223,0.0111,0.0121,0.2312
16-FEB-2017,FMNL,46.80,45.20,0.0348,0.0599,0.0587,1.1215
16-FEB-2017,FORTIS,198.95,192.20,0.0345,0.0246,0.0253,0.4834
16-FEB-2017,FOSECOIND,1336.55,1359.10,-0.0167,0.0159,0.0160,0.3057
16-FEB-2017,FRETAIL,219.50,211.30,0.0381,0.0391,0.0390,0.7451
16-FEB-2017,FSL,43.50,44.10,-0.0137,0.0329,0.0321,0.6133
16-FEB-2017,GABRIEL,115.15,113.65,0.0131,0.0131,0.0131,0.2503
16-FEB-2017,GAEL,114.30,114.25,0.0004,0.0298,0.0289,0.5521
16-FEB-2017,GAIL,502.95,493.85,0.0183,0.0168,0.0169,0.3229
16-FEB-2017,GAL,12.75,12.70,0.0039,0.0301,0.0292,0.5579
16-FEB-2017,GALLANTT,42.90,41.45,0.0344,0.0308,0.0310,0.5923
16-FEB-2017,GALLISPAT,485.00,485.20,-0.0004,0.0103,0.0100,0.1910
16-FEB-2017,GAMMNINFRA,3.70,3.65,0.0136,0.0245,0.0240,0.4585
16-FEB-2017,GAMMONIND,12.60,12.15,0.0364,0.0195,0.0209,0.3993
16-FEB-2017,GANDHITUBE,334.40,323.30,0.0338,0.0169,0.0184,0.3515
16-FEB-2017,GANECOS,207.50,204.00,0.0170,0.0189,0.0188,0.3592
16-FEB-2017,GANESHHOUC,77.40,77.10,0.0039,0.0291,0.0282,0.5388
16-FEB-2017,GANGOTRI,0.75,0.80,-0.0645,0.0280,0.0314,0.5999
16-FEB-2017,GARDENSILK,30.10,29.65,0.0151,0.0272,0.0266,0.5082
16-FEB-2017,GARWALLROP,618.15,607.75,0.0170,0.0178,0.0178,0.3401
16-FEB-2017,GATI,120.85,119.70,0.0096,0.0156,0.0153,0.2923
16-FEB-2017,GAYAPROJ,141.80,140.90,0.0064,0.0223,0.0217,0.4146
16-FEB-2017,GDL,258.50,257.50,0.0039,0.0222,0.0215,0.4108
16-FEB-2017,GEECEE,127.40,124.75,0.0210,0.0272,0.0269,0.5139
16-FEB-2017,GEMINI,1.85,1.90,-0.0267,0.0319,0.0316,0.6037
16-FEB-2017,GENESYS,154.00,147.35,0.0441,0.0324,0.0332,0.6343
16-FEB-2017,GENUSPAPER,5.15,5.30,-0.0287,0.0262,0.0264,0.5044
16-FEB-2017,GENUSPOWER,42.05,41.10,0.0229,0.0223,0.0223,0.4260
16-FEB-2017,GEOJITBNPP,40.80,39.60,0.0299,0.0169,0.0179,0.3420
16-FEB-2017,GEOMETRIC,260.25,256.25,0.0155,0.0109,0.0112,0.2140
16-FEB-2017,GEPIL,614.15,612.90,0.0020,0.0236,0.0229,0.4375
16-FEB-2017,GESHIP,353.75,358.55,-0.0135,0.0156,0.0155,0.2961
16-FEB-2017,GET&D,295.15,295.55,-0.0014,0.0126,0.0122,0.2331
16-FEB-2017,GHCL,268.10,266.70,0.0052,0.0147,0.0143,0.2732
16-FEB-2017,GICHSGFIN,308.10,303.10,0.0164,0.0199,0.0197,0.3764
16-FEB-2017,GILLANDERS,62.70,62.70,0.0000,0.0228,0.0221,0.4222
16-FEB-2017,GILLETTE,4121.80,4118.80,0.0007,0.0055,0.0053,0.1013
16-FEB-2017,GINNIFILA,25.85,25.40,0.0176,0.0326,0.0319,0.6094
16-FEB-2017,GIPCL,107.25,106.00,0.0117,0.0206,0.0202,0.3859
16-FEB-2017,GISOLUTION,6.50,6.50,0.0000,0.0016,0.0016,0.0306
16-FEB-2017,GITANJALI,67.40,66.30,0.0165,0.0359,0.0350,0.6687
16-FEB-2017,GKWLIMITED,430.15,429.80,0.0008,0.0223,0.0216,0.4127
16-FEB-2017,GLAXO,2669.80,2689.40,-0.0073,0.0068,0.0068,0.1299
16-FEB-2017,GLENMARK,931.75,927.50,0.0046,0.0145,0.0141,0.2694
16-FEB-2017,GLFL,2.85,2.75,0.0357,0.0254,0.0261,0.4986
16-FEB-2017,GLOBALVECT,107.30,105.90,0.0131,0.0432,0.0420,0.8024
16-FEB-2017,GLOBOFFS,57.30,56.65,0.0114,0.0373,0.0363,0.6935
16-FEB-2017,GLOBUSSPR,79.40,77.15,0.0287,0.0245,0.0248,0.4738
16-FEB-2017,GLORY,0.50,0.50,0.0000,0.0016,0.0016,0.0306
16-FEB-2017,GMBREW,493.60,483.90,0.0198,0.0183,0.0184,0.3515
16-FEB-2017,GMDCLTD,114.25,110.30,0.0352,0.0249,0.0256,0.4891
16-FEB-2017,GMRINFRA,14.00,13.75,0.0180,0.0253,0.0249,0.4757
16-FEB-2017,GNA,203.55,200.00,0.0176,0.0167,0.0168,0.3210
16-FEB-2017,GNFC,260.75,249.95,0.0423,0.0237,0.0252,0.4814
16-FEB-2017,GOACARBON,108.15,100.95,0.0689,0.0236,0.0284,0.5426
16-FEB-2017,GOCLCORP,330.20,332.70,-0.0075,0.0275,0.0267,0.5101
16-FEB-2017,GODFRYPHLP,1022.95,1022.65,0.0003,0.0219,0.0212,0.4050
16-FEB-2017,GODREJCP,1611.50,1616.55,-0.0031,0.0137,0.0133,0.2541
16-FEB-2017,GODREJIND,505.10,519.70,-0.0285,0.0220,0.0224,0.4280
16-FEB-2017,GODREJPROP,359.75,355.05,0.0132,0.0221,0.0217,0.4146
16-FEB-2017,GOENKA,0.75,0.75,0.0000,0.0415,0.0402,0.7680
16-FEB-2017,GOKEX,57.25,57.15,0.0017,0.0264,0.0256,0.4891
16-FEB-2017,GOKUL,21.00,21.40,-0.0189,0.0340,0.0333,0.6362
16-FEB-2017,GOKULAGRO,19.85,20.35,-0.0249,0.0291,0.0289,0.5521
16-FEB-2017,GOLDBEES,2668.35,2648.40,0.0075,0.0063,0.0064,0.1223
16-FEB-2017,GOLDENTOBC,69.00,68.60,0.0058,0.0254,0.0247,0.4719
16-FEB-2017,GOLDIAM,76.75,76.70,0.0007,0.0315,0.0305,0.5827
16-FEB-2017,GOLDINFRA,43.20,40.45,0.0658,0.0648,0.0649,1.2399
16-FEB-2017,GOLDIWIN,276.15,273.00,0.0115,0.0113,0.0113,0.2159
16-FEB-2017,GOLDSHARE,2651.65,2628.90,0.0086,0.0066,0.0067,0.1280
16-FEB-2017,GOLDTECH,8.10,7.90,0.0250,0.0572,0.0558,1.0661
16-FEB-2017,GOODLUCK,82.60,80.60,0.0245,0.0328,0.0324,0.6190
16-FEB-2017,GPIL,88.85,89.35,-0.0056,0.0464,0.0450,0.8597
16-FEB-2017,GPPL,168.60,165.15,0.0207,0.0171,0.0173,0.3305
16-FEB-2017,GPTINFRA,249.60,247.75,0.0074,0.0219,0.0213,0.4069
16-FEB-2017,GRANULES,127.60,122.30,0.0424,0.0294,0.0303,0.5789
16-FEB-2017,GRAPHITE,98.60,98.80,-0.0020,0.0291,0.0282,0.5388
16-FEB-2017,GRASIM,1027.05,1006.60,0.0201,0.0209,0.0209,0.3993
16-FEB-2017,GRAVITA,46.00,45.90,0.0022,0.0254,0.0246,0.4700
16-FEB-2017,GREAVESCOT,143.20,138.75,0.0316,0.0145,0.0160,0.3057
16-FEB-2017,GREENFIRE,1.40,1.45,-0.0351,0.0336,0.0337,0.6438
16-FEB-2017,GREENLAM,672.05,652.55,0.0294,0.0204,0.0211,0.4031
16-FEB-2017,GREENPLY,290.30,278.65,0.0410,0.0275,0.0285,0.5445
16-FEB-2017,GREENPOWER,10.35,10.35,0.0000,0.0252,0.0244,0.4662
16-FEB-2017,GRINDWELL,322.70,319.00,0.0115,0.0113,0.0113,0.2159
16-FEB-2017,GROBTEA,295.25,294.65,0.0020,0.0299,0.0290,0.5540
16-FEB-2017,GRPLTD,1507.70,1507.95,-0.0002,0.0226,0.0219,0.4184
16-FEB-2017,GRUH,383.80,384.10,-0.0008,0.0205,0.0199,0.3802
16-FEB-2017,GSCLCEMENT,26.50,26.55,-0.0019,0.0186,0.0180,0.3439
16-FEB-2017,GSFC,110.65,108.35,0.0210,0.0192,0.0193,0.3687
16-FEB-2017,GSKCONS,5096.60,5104.80,-0.0016,0.0090,0.0087,0.1662
16-FEB-2017,GSPL,165.20,162.90,0.0140,0.0246,0.0241,0.4604
16-FEB-2017,GSS,25.05,25.35,-0.0119,0.0268,0.0261,0.4986
16-FEB-2017,GTL,16.55,16.25,0.0183,0.0270,0.0266,0.5082
16-FEB-2017,GTLINFRA,4.15,4.10,0.0121,0.0342,0.0333,0.6362
16-FEB-2017,GTNIND,16.45,16.70,-0.0151,0.0439,0.0427,0.8158
16-FEB-2017,GTNTEX,14.95,14.50,0.0306,0.0310,0.0310,0.5923
16-FEB-2017,GTOFFSHORE,21.15,21.20,-0.0024,0.0290,0.0281,0.5368
16-FEB-2017,GUFICBIO,58.60,57.90,0.0120,0.0317,0.0309,0.5903
16-FEB-2017,GUJALKALI,384.20,379.25,0.0130,0.0209,0.0205,0.3917
16-FEB-2017,GUJAPOLLO,150.45,147.65,0.0188,0.0459,0.0447,0.8540
16-FEB-2017,GUJFLUORO,484.80,485.60,-0.0016,0.0210,0.0204,0.3897
16-FEB-2017,GUJGASLTD,617.15,617.00,0.0002,0.0155,0.0150,0.2866
16-FEB-2017,GUJNRECOKE,2.80,2.80,0.0000,0.0246,0.0239,0.4566
16-FEB-2017,GUJNREDVR,2.25,2.30,-0.0220,0.0299,0.0295,0.5636
16-FEB-2017,GULFOILLUB,699.00,701.40,-0.0034,0.0185,0.0180,0.3439
16-FEB-2017,GULFPETRO,88.15,85.80,0.0270,0.0234,0.0236,0.4509
16-FEB-2017,GULPOLY,73.75,74.15,-0.0054,0.0170,0.0165,0.3152
16-FEB-2017,GVKPIL,6.80,6.80,0.0000,0.0370,0.0359,0.6859
16-FEB-2017,HANUNG,4.90,4.90,0.0000,0.0313,0.0303,0.5789
16-FEB-2017,HARITASEAT,713.40,708.80,0.0065,0.0194,0.0189,0.3611
16-FEB-2017,HARRMALAYA,86.60,83.70,0.0341,0.0299,0.0302,0.5770
16-FEB-2017,HATHWAY,35.85,35.45,0.0112,0.0162,0.0159,0.3038
16-FEB-2017,HATSUN,445.55,448.10,-0.0057,0.0188,0.0183,0.3496
16-FEB-2017,HAVELLS,431.30,418.90,0.0292,0.0177,0.0186,0.3554
16-FEB-2017,HBLPOWER,39.35,39.20,0.0038,0.0240,0.0233,0.4451
16-FEB-2017,HBSTOCK,18.55,18.20,0.0190,0.0379,0.0370,0.7069
16-FEB-2017,HCC,38.60,38.60,0.0000,0.0244,0.0237,0.4528
16-FEB-2017,HCG,240.80,236.10,0.0197,0.0143,0.0147,0.2808
16-FEB-2017,HCL-INSYS,54.75,53.45,0.0240,0.0284,0.0282,0.5388
16-FEB-2017,HCLTECH,845.00,830.30,0.0175,0.0132,0.0135,0.2579
16-FEB-2017,HDFC,1393.55,1399.15,-0.0040,0.0133,0.0129,0.2465
16-FEB-2017,HDFCBANK,1327.90,1322.20,0.0043,0.0078,0.0076,0.1452
16-FEB-2017,HDFCMFGETF,2731.70,2702.15,0.0109,0.0056,0.0060,0.1146
16-FEB-2017,HDFCNIFETF,889.28,886.22,0.0034,0.0070,0.0068,0.1299
16-FEB-2017,HDFCSENETF,2847.10,2890.47,-0.0151,0.0070,0.0077,0.1471
16-FEB-2017,HDIL,64.95,63.85,0.0171,0.0314,0.0307,0.5865
16-FEB-2017,HEG,187.90,184.95,0.0158,0.0216,0.0213,0.4069
16-FEB-2017,HEIDELBERG,110.65,109.85,0.0073,0.0313,0.0304,0.5808
16-FEB-2017,HERCULES,153.95,151.50,0.0160,0.0280,0.0274,0.5235
16-FEB-2017,HERITGFOOD,1141.10,1109.70,0.0279,0.0244,0.0246,0.4700
16-FEB-2017,HEROMOTOCO,3124.45,3097.85,0.0085,0.0153,0.0150,0.2866
16-FEB-2017,HESTERBIO,765.85,757.90,0.0104,0.0103,0.0103,0.1968
16-FEB-2017,HEXATRADEX,18.05,17.95,0.0056,0.0299,0.0290,0.5540
16-FEB-2017,HEXAWARE,217.05,210.20,0.0321,0.0149,0.0164,0.3133
16-FEB-2017,HFCL,13.30,13.25,0.0038,0.0268,0.0260,0.4967
16-FEB-2017,HGS,581.75,586.15,-0.0075,0.0179,0.0175,0.3343
16-FEB-2017,HIGHGROUND,34.05,31.20,0.0874,0.0449,0.0485,0.9266
16-FEB-2017,HIKAL,215.90,216.70,-0.0037,0.0192,0.0186,0.3554
16-FEB-2017,HIL,634.95,634.00,0.0015,0.0112,0.0109,0.2082
16-FEB-2017,HILTON,18.10,17.95,0.0083,0.0298,0.0290,0.5540
16-FEB-2017,HIMATSEIDE,364.85,362.00,0.0078,0.0237,0.0231,0.4413
16-FEB-2017,HINDALCO,187.75,184.45,0.0177,0.0232,0.0229,0.4375
16-FEB-2017,HINDCOMPOS,1588.30,1597.20,-0.0056,0.0096,0.0094,0.1796
16-FEB-2017,HINDCOPPER,68.85,67.10,0.0257,0.0245,0.0246,0.4700
16-FEB-2017,HINDDORROL,11.30,11.30,0.0000,0.0220,0.0213,0.4069
16-FEB-2017,HINDMOTORS,10.60,10.20,0.0385,0.0574,0.0564,1.0775
16-FEB-2017,HINDNATGLS,122.60,120.00,0.0214,0.0404,0.0395,0.7546
16-FEB-2017,HINDOILEXP,75.95,74.65,0.0173,0.0279,0.0274,0.5235
16-FEB-2017,HINDPETRO,530.20,525.15,0.0096,0.0250,0.0244,0.4662
16-FEB-2017,HINDSYNTEX,11.50,11.90,-0.0342,0.0342,0.0342,0.6534
16-FEB-2017,HINDUJAFO,36.20,36.05,0.0042,0.0206,0.0200,0.3821
16-FEB-2017,HINDUJAVEN,514.90,495.90,0.0376,0.0137,0.0162,0.3095
16-FEB-2017,HINDUNILVR,846.10,850.05,-0.0047,0.0097,0.0095,0.1815
16-FEB-2017,HINDZINC,302.40,293.15,0.0311,0.0220,0.0226,0.4318
16-FEB-2017,HIRECT,79.80,78.35,0.0183,0.0208,0.0207,0.3955
16-FEB-2017,HISARMETAL,39.05,37.70,0.0352,0.0455,0.0449,0.8578
16-FEB-2017,HITECHGEAR,300.30,293.50,0.0229,0.0227,0.0227,0.4337
16-FEB-2017,HITECHPLAS,155.60,150.75,0.0317,0.0287,0.0289,0.5521
16-FEB-2017,HMT,40.20,39.80,0.0100,0.0198,0.0194,0.3706
16-FEB-2017,HMVL,263.70,267.20,-0.0132,0.0142,0.0141,0.2694
16-FEB-2017,HNGSNGBEES,2300.00,2230.00,0.0309,0.0218,0.0225,0.4299
16-FEB-2017,HOCL,24.45,23.30,0.0482,0.0448,0.0450,0.8597
16-FEB-2017,HONAUT,9981.90,9890.85,0.0092,0.0109,0.0108,0.2063
16-FEB-2017,HONDAPOWER,1401.45,1399.95,0.0011,0.0197,0.0191,0.3649
16-FEB-2017,HOTELEELA,16.40,16.50,-0.0061,0.0138,0.0135,0.2579
16-FEB-2017,HOTELRUGBY,4.90,4.90,0.0000,0.0792,0.0768,1.4673
16-FEB-2017,HOVS,152.70,140.65,0.0822,0.0439,0.0471,0.8998
16-FEB-2017,HPL,113.40,113.00,0.0035,0.0228,0.0221,0.4222
16-FEB-2017,HSCL,45.75,43.65,0.0470,0.0296,0.0309,0.5903
16-FEB-2017,HSIL,289.25,285.35,0.0136,0.0164,0.0162,0.3095
16-FEB-2017,HTMEDIA,81.95,82.85,-0.0109,0.0179,0.0176,0.3362
16-FEB-2017,HUBTOWN,92.25,91.65,0.0065,0.0200,0.0195,0.3725
16-FEB-2017,IBREALEST,76.95,75.40,0.0203,0.0250,0.0247,0.4719
16-FEB-2017,IBULHSGFIN,831.80,816.15,0.0190,0.0180,0.0181,0.3458
16-FEB-2017,IBVENTURES,34.75,31.80,0.0887,0.0457,0.0493,0.9419
16-FEB-2017,IBWSL,25.50,25.00,0.0198,0.0357,0.0350,0.6687
16-FEB-2017,ICICIBANK,278.80,280.75,-0.0070,0.0170,0.0166,0.3171
16-FEB-2017,ICICIPRULI,358.80,349.15,0.0273,0.0165,0.0173,0.3305
16-FEB-2017,ICIL,164.15,165.35,-0.0073,0.0261,0.0254,0.4853
16-FEB-2017,ICRA,4036.90,4056.05,-0.0047,0.0161,0.0157,0.2999
16-FEB-2017,ICSA,3.15,3.25,-0.0313,0.0446,0.0439,0.8387
16-FEB-2017,IDBI,80.90,81.00,-0.0012,0.0225,0.0218,0.4165
16-FEB-2017,IDBIGOLD,2680.00,2675.60,0.0016,0.0107,0.0104,0.1987
16-FEB-2017,IDEA,107.85,107.30,0.0051,0.0479,0.0465,0.8884
16-FEB-2017,IDFC,52.55,52.30,0.0048,0.0212,0.0206,0.3936
16-FEB-2017,IDFCBANK,61.85,61.75,0.0016,0.0178,0.0173,0.3305
16-FEB-2017,IDFNIFTYET,88.00,87.78,0.0025,0.0069,0.0067,0.1280
16-FEB-2017,IFBAGRO,429.60,433.15,-0.0082,0.0240,0.0234,0.4471
16-FEB-2017,IFBIND,554.70,551.40,0.0060,0.0251,0.0244,0.4662
16-FEB-2017,IFCI,28.30,28.15,0.0053,0.0281,0.0273,0.5216
16-FEB-2017,IFGLREFRAC,205.80,199.65,0.0303,0.0308,0.0308,0.5884
16-FEB-2017,IGARASHI,755.75,753.90,0.0025,0.0131,0.0127,0.2426
16-FEB-2017,IGL,1053.10,1050.60,0.0024,0.0156,0.0151,0.2885
16-FEB-2017,IGPL,300.40,296.80,0.0121,0.0329,0.0320,0.6114
16-FEB-2017,IIFL,363.70,339.15,0.0699,0.0243,0.0291,0.5560
16-FEB-2017,IITL,77.25,74.15,0.0410,0.0225,0.0240,0.4585
16-FEB-2017,IL&FSENGG,55.00,51.80,0.0599,0.0289,0.0316,0.6037
16-FEB-2017,IL&FSTRANS,100.85,102.40,-0.0153,0.0188,0.0186,0.3554
16-FEB-2017,IMFA,694.20,699.80,-0.0080,0.0284,0.0276,0.5273
16-FEB-2017,IMPAL,764.40,762.95,0.0019,0.0154,0.0149,0.2847
16-FEB-2017,IMPEXFERRO,2.35,2.40,-0.0211,0.0217,0.0217,0.4146
16-FEB-2017,INDBANK,12.95,12.90,0.0039,0.0239,0.0232,0.4432
16-FEB-2017,INDHOTEL,120.30,119.15,0.0096,0.0185,0.0181,0.3458
16-FEB-2017,INDIACEM,164.40,153.20,0.0706,0.0248,0.0296,0.5655
16-FEB-2017,INDIAGLYCO,162.90,161.50,0.0086,0.0261,0.0254,0.4853
16-FEB-2017,INDIANB,289.45,278.25,0.0395,0.0257,0.0267,0.5101
16-FEB-2017,INDIANCARD,197.15,198.40,-0.0063,0.0166,0.0162,0.3095
16-FEB-2017,INDIANHUME,427.45,415.45,0.0285,0.0292,0.0292,0.5579
16-FEB-2017,INDIGO,823.60,819.75,0.0047,0.0185,0.0180,0.3439
16-FEB-2017,INDLMETER,87.40,88.80,-0.0159,0.0202,0.0200,0.3821
16-FEB-2017,INDNIPPON,547.15,540.05,0.0131,0.0237,0.0232,0.4432
16-FEB-2017,INDOCO,261.65,262.35,-0.0027,0.0142,0.0138,0.2636
16-FEB-2017,INDORAMA,31.35,31.00,0.0112,0.0303,0.0295,0.5636
16-FEB-2017,INDOSOLAR,6.95,7.00,-0.0072,0.0252,0.0245,0.4681
16-FEB-2017,INDOTECH,212.65,207.65,0.0238,0.0232,0.0232,0.4432
16-FEB-2017,INDOTHAI,21.15,21.60,-0.0211,0.0392,0.0384,0.7336
16-FEB-2017,INDOWIND,4.15,4.35,-0.0471,0.0247,0.0266,0.5082
16-FEB-2017,INDRAMEDCO,55.30,55.90,-0.0108,0.0126,0.0125,0.2388
16-FEB-2017,INDSWFTLAB,35.80,36.00,-0.0056,0.0153,0.0149,0.2847
16-FEB-2017,INDSWFTLTD,5.75,5.75,0.0000,0.0356,0.0345,0.6591
16-FEB-2017,INDTERRAIN,158.25,151.60,0.0429,0.0297,0.0307,0.5865
16-FEB-2017,INDUSINDBK,1319.50,1316.45,0.0023,0.0157,0.0152,0.2904
16-FEB-2017,INEOSSTYRO,605.20,598.45,0.0112,0.0168,0.0165,0.3152
16-FEB-2017,INFIBEAM,1368.25,1361.40,0.0050,0.0229,0.0222,0.4241
16-FEB-2017,INFINITE,251.30,242.40,0.0361,0.0169,0.0186,0.3554
16-FEB-2017,INFOMEDIA,5.25,5.35,-0.0189,0.0332,0.0325,0.6209
16-FEB-2017,INFRABEES,305.75,306.30,-0.0018,0.0103,0.0100,0.1910
16-FEB-2017,INFRATEL,319.25,323.75,-0.0140,0.0277,0.0271,0.5177
16-FEB-2017,INFY,1012.10,981.80,0.0304,0.0124,0.0141,0.2694
16-FEB-2017,INGERRAND,679.30,670.70,0.0127,0.0132,0.0132,0.2522
16-FEB-2017,INOXLEISUR,240.05,237.70,0.0098,0.0158,0.0155,0.2961
16-FEB-2017,INOXWIND,173.00,172.05,0.0055,0.0185,0.0180,0.3439
16-FEB-2017,INSECTICID,558.55,561.35,-0.0050,0.0167,0.0162,0.3095
16-FEB-2017,INTEGRA,3.90,3.90,0.0000,0.0284,0.0275,0.5254
16-FEB-2017,INTELLECT,113.90,111.60,0.0204,0.0373,0.0365,0.6973
16-FEB-2017,INVENTURE,17.00,17.20,-0.0117,0.0444,0.0431,0.8234
16-FEB-2017,IOB,26.95,25.60,0.0514,0.0187,0.0221,0.4222
16-FEB-2017,IOC,375.95,369.20,0.0181,0.0186,0.0186,0.3554
16-FEB-2017,IOLCP,93.60,90.75,0.0309,0.0158,0.0171,0.3267
16-FEB-2017,IPAPPM,329.05,326.50,0.0078,0.0192,0.0187,0.3573
16-FEB-2017,IPCALAB,523.25,520.40,0.0055,0.0113,0.0110,0.2102
16-FEB-2017,IRB,228.40,225.30,0.0137,0.0170,0.0168,0.3210
16-FEB-2017,ISFT,349.90,348.85,0.0030,0.0314,0.0305,0.5827
16-FEB-2017,ISMTLTD,11.35,11.40,-0.0044,0.0519,0.0503,0.9610
16-FEB-2017,ITC,266.65,273.40,-0.0250,0.0148,0.0156,0.2980
16-FEB-2017,ITDC,409.15,386.70,0.0564,0.0650,0.0645,1.2323
16-FEB-2017,ITDCEM,159.00,159.40,-0.0025,0.0182,0.0177,0.3382
16-FEB-2017,ITI,43.60,43.40,0.0046,0.0349,0.0339,0.6477
16-FEB-2017,IVC,14.05,13.95,0.0071,0.0225,0.0219,0.4184
16-FEB-2017,IVP,127.25,122.65,0.0368,0.0203,0.0216,0.4127
16-FEB-2017,IVRCLINFRA,5.35,5.35,0.0000,0.0441,0.0428,0.8177
16-FEB-2017,IVZINGOLD,2754.00,2700.00,0.0198,0.0225,0.0223,0.4260
16-FEB-2017,IVZINNIFTY,898.90,898.90,0.0000,0.0118,0.0114,0.2178
16-FEB-2017,IZMO,48.45,48.15,0.0062,0.0240,0.0233,0.4451
16-FEB-2017,J&KBANK,68.60,68.50,0.0015,0.0206,0.0200,0.3821
16-FEB-2017,JAGRAN,188.00,187.45,0.0029,0.0106,0.0103,0.1968
16-FEB-2017,JAGSNPHARM,40.30,41.00,-0.0172,0.0331,0.0324,0.6190
16-FEB-2017,JAIBALAJI,13.10,13.10,0.0000,0.0352,0.0341,0.6515
16-FEB-2017,JAICORPLTD,71.00,70.70,0.0042,0.0246,0.0239,0.4566
16-FEB-2017,JAIHINDPRO,5.95,5.95,0.0000,0.0428,0.0415,0.7929
16-FEB-2017,JAINSTUDIO,7.40,7.40,0.0000,0.0159,0.0154,0.2942
16-FEB-2017,JAMNAAUTO,197.75,196.00,0.0089,0.0214,0.0209,0.3993
16-FEB-2017,JAYAGROGN,599.15,587.40,0.0198,0.0225,0.0223,0.4260
16-FEB-2017,JAYBARMARU,354.15,345.95,0.0234,0.0308,0.0304,0.5808
16-FEB-2017,JAYNECOIND,8.30,8.35,-0.0060,0.0337,0.0327,0.6247
16-FEB-2017,JAYSREETEA,104.60,103.30,0.0125,0.0211,0.0207,0.3955
16-FEB-2017,JBCHEPHARM,331.80,324.70,0.0216,0.0181,0.0183,0.3496
16-FEB-2017,JBFIND,243.05,239.25,0.0158,0.0220,0.0217,0.4146
16-FEB-2017,JBMA,276.45,270.75,0.0208,0.0260,0.0257,0.4910
16-FEB-2017,JCHAC,1335.45,1335.10,0.0003,0.0138,0.0134,0.2560
16-FEB-2017,JENSONICOL,8.25,8.20,0.0061,0.0461,0.0447,0.8540
16-FEB-2017,JETAIRWAYS,362.60,356.90,0.0158,0.0168,0.0167,0.3191
16-FEB-2017,JHS,37.30,37.10,0.0054,0.0241,0.0234,0.4471
16-FEB-2017,JIKIND,0.75,0.75,0.0000,0.0491,0.0476,0.9094
16-FEB-2017,JINDALPHOT,79.75,79.50,0.0031,0.0121,0.0118,0.2254
16-FEB-2017,JINDALPOLY,325.75,328.30,-0.0078,0.0166,0.0162,0.3095
16-FEB-2017,JINDALSAW,67.80,65.50,0.0345,0.0307,0.0309,0.5903
16-FEB-2017,JINDALSTEL,92.55,89.75,0.0307,0.0273,0.0275,0.5254
16-FEB-2017,JINDCOT,16.00,16.10,-0.0062,0.0271,0.0263,0.5025
16-FEB-2017,JINDRILL,169.80,166.30,0.0208,0.0199,0.0200,0.3821
16-FEB-2017,JINDWORLD,181.15,173.10,0.0455,0.0300,0.0311,0.5942
16-FEB-2017,JISLDVREQS,58.90,59.50,-0.0101,0.0204,0.0199,0.3802
16-FEB-2017,JISLJALEQS,93.00,94.65,-0.0176,0.0190,0.0189,0.3611
16-FEB-2017,JKCEMENT,846.90,824.05,0.0274,0.0255,0.0256,0.4891
16-FEB-2017,JKIL,223.05,226.80,-0.0167,0.0215,0.0212,0.4050
16-FEB-2017,JKLAKSHMI,389.00,382.00,0.0182,0.0166,0.0167,0.3191
16-FEB-2017,JKPAPER,92.25,92.25,0.0000,0.0205,0.0199,0.3802
16-FEB-2017,JKTYRE,119.50,116.10,0.0289,0.0227,0.0231,0.4413
16-FEB-2017,JMA,201.40,199.65,0.0087,0.0239,0.0233,0.4451
16-FEB-2017,JMCPROJECT,231.95,233.15,-0.0052,0.0188,0.0183,0.3496
16-FEB-2017,JMFINANCIL,81.50,77.00,0.0568,0.0251,0.0280,0.5349
16-FEB-2017,JMTAUTOLTD,15.55,16.40,-0.0532,0.0239,0.0266,0.5082
16-FEB-2017,JOCIL,166.90,166.65,0.0015,0.0201,0.0195,0.3725
16-FEB-2017,JPASSOCIAT,13.60,12.05,0.1210,0.0456,0.0532,1.0164
16-FEB-2017,JPINFRATEC,9.65,8.80,0.0922,0.0451,0.0492,0.9400
16-FEB-2017,JPOLYINVST,86.25,86.15,0.0012,0.0160,0.0155,0.2961
16-FEB-2017,JPPOWER,5.40,4.95,0.0870,0.0583,0.0604,1.1539
16-FEB-2017,JSL,50.10,49.00,0.0222,0.0364,0.0357,0.6820
16-FEB-2017,JSLHISAR,105.25,105.40,-0.0014,0.0312,0.0303,0.5789
16-FEB-2017,JSWENERGY,61.25,59.95,0.0215,0.0197,0.0198,0.3783
16-FEB-2017,JSWHL,1511.20,1494.95,0.0108,0.0107,0.0107,0.2044
16-FEB-2017,JSWSTEEL,187.45,183.30,0.0224,0.0197,0.0199,0.3802
16-FEB-2017,JUBILANT,694.80,660.20,0.0511,0.0293,0.0310,0.5923
16-FEB-2017,JUBLFOOD,977.05,971.75,0.0054,0.0261,0.0253,0.4834
16-FEB-2017,JUBLINDS,336.45,330.10,0.0191,0.0413,0.0403,0.7699
16-FEB-2017,JUNIORBEES,242.11,239.72,0.0099,0.0085,0.0086,0.1643
16-FEB-2017,JUSTDIAL,438.10,426.55,0.0267,0.0274,0.0274,0.5235
16-FEB-2017,JVLAGRO,20.95,20.85,0.0048,0.0485,0.0470,0.8979
16-FEB-2017,JYOTHYLAB,362.70,356.25,0.0179,0.0129,0.0133,0.2541
16-FEB-2017,JYOTISTRUC,9.05,9.10,-0.0055,0.0208,0.0202,0.3859
16-FEB-2017,KABRAEXTRU,116.20,114.95,0.0108,0.0209,0.0204,0.3897
16-FEB-2017,KAJARIACER,564.65,570.15,-0.0097,0.0189,0.0185,0.3534
16-FEB-2017,KAKATCEM,317.80,308.45,0.0299,0.0292,0.0292,0.5579
16-FEB-2017,KALPATPOWR,282.20,281.25,0.0034,0.0176,0.0171,0.3267
16-FEB-2017,KALYANIFRG,305.00,311.65,-0.0216,0.0275,0.0272,0.5197
16-FEB-2017,KAMATHOTEL,34.60,34.00,0.0175,0.0250,0.0246,0.4700
16-FEB-2017,KAMDHENU,88.30,87.55,0.0085,0.0327,0.0318,0.6075
16-FEB-2017,KANANIIND,14.05,13.80,0.0180,0.0448,0.0437,0.8349
16-FEB-2017,KANORICHEM,70.45,69.45,0.0143,0.0218,0.0214,0.4088
16-FEB-2017,KANSAINER,344.20,345.40,-0.0035,0.0163,0.0158,0.3019
16-FEB-2017,KARMAENG,45.25,47.60,-0.0506,0.0742,0.0730,1.3947
16-FEB-2017,KARURVYSYA,91.35,91.40,-0.0005,0.0157,0.0152,0.2904
16-FEB-2017,KAUSHALYA,5.05,4.70,0.0718,0.0310,0.0348,0.6649
16-FEB-2017,KAVVERITEL,12.55,12.50,0.0040,0.0339,0.0329,0.6286
16-FEB-2017,KAYA,789.00,779.30,0.0124,0.0200,0.0196,0.3745
16-FEB-2017,KCP,106.70,101.35,0.0514,0.0289,0.0307,0.5865
16-FEB-2017,KCPSUGIND,41.35,39.05,0.0572,0.0353,0.0370,0.7069
16-FEB-2017,KDDL,184.35,172.65,0.0656,0.0274,0.0310,0.5923
16-FEB-2017,KEC,163.65,159.70,0.0244,0.0234,0.0235,0.4490
16-FEB-2017,KECL,39.20,38.80,0.0103,0.0276,0.0269,0.5139
16-FEB-2017,KEI,178.40,173.70,0.0267,0.0379,0.0373,0.7126
16-FEB-2017,KELLTONTEC,126.00,120.80,0.0421,0.0236,0.0251,0.4795
16-FEB-2017,KERNEX,37.50,36.75,0.0202,0.0333,0.0327,0.6247
16-FEB-2017,KESARENT,57.75,48.15,0.1818,0.0411,0.0598,1.1425
16-FEB-2017,KESORAMIND,136.85,135.45,0.0103,0.0305,0.0297,0.5674
16-FEB-2017,KEYCORPSER,40.60,40.60,0.0000,0.0143,0.0139,0.2656
16-FEB-2017,KGL,1.45,1.45,0.0000,0.0243,0.0236,0.4509
16-FEB-2017,KHAITANELE,35.20,35.00,0.0057,0.0340,0.0330,0.6305
16-FEB-2017,KHAITANLTD,10.50,10.00,0.0488,0.0167,0.0201,0.3840
16-FEB-2017,KHANDSE,17.35,16.90,0.0263,0.0207,0.0211,0.4031
16-FEB-2017,KICL,1520.25,1459.85,0.0405,0.0243,0.0256,0.4891
16-FEB-2017,KILITCH,46.85,45.10,0.0381,0.0375,0.0375,0.7164
16-FEB-2017,KINGFA,797.45,786.80,0.0134,0.0189,0.0186,0.3554
16-FEB-2017,KIOCL,12.00,12.00,0.0000,0.0092,0.0089,0.1700
16-FEB-2017,KIRIINDUS,288.80,281.35,0.0261,0.0261,0.0261,0.4986
16-FEB-2017,KIRLOSBROS,225.55,212.75,0.0584,0.0327,0.0348,0.6649
16-FEB-2017,KIRLOSENG,350.50,346.00,0.0129,0.0140,0.0139,0.2656
16-FEB-2017,KIRLOSIND,900.20,891.20,0.0100,0.0209,0.0204,0.3897
16-FEB-2017,KITEX,420.30,421.90,-0.0038,0.0165,0.0160,0.3057
16-FEB-2017,KKCL,1746.00,1759.80,-0.0079,0.0144,0.0141,0.2694
16-FEB-2017,KLGSYSTEL,4.10,4.10,0.0000,0.0016,0.0016,0.0306
16-FEB-2017,KMSUGAR,30.25,28.65,0.0543,0.0376,0.0388,0.7413
16-FEB-2017,KNRCON,180.60,177.00,0.0201,0.0220,0.0219,0.4184
16-FEB-2017,KOHINOOR,82.20,82.50,-0.0036,0.0421,0.0408,0.7795
16-FEB-2017,KOKUYOCMLN,81.10,81.55,-0.0055,0.0131,0.0128,0.2445
16-FEB-2017,KOLTEPATIL,103.70,101.25,0.0239,0.0379,0.0372,0.7107
16-FEB-2017,KOPRAN,66.60,63.55,0.0469,0.0385,0.0391,0.7470
16-FEB-2017,KOTAKBANK,792.50,784.30,0.0104,0.0145,0.0143,0.2732
16-FEB-2017,KOTAKBKETF,205.20,204.59,0.0030,0.0098,0.0095,0.1815
16-FEB-2017,KOTAKGOLD,260.90,259.25,0.0063,0.0075,0.0074,0.1414
16-FEB-2017,KOTAKNIFTY,885.58,881.59,0.0045,0.0059,0.0058,0.1108
16-FEB-2017,KOTAKNV20,38.00,38.00,0.0000,0.0117,0.0113,0.2159
16-FEB-2017,KOTAKPSUBK,334.99,334.11,0.0026,0.0170,0.0165,0.3152
16-FEB-2017,KOTARISUG,14.50,14.65,-0.0103,0.0368,0.0358,0.6840
16-FEB-2017,KOTHARIPET,22.90,22.40,0.0221,0.0193,0.0195,0.3725
16-FEB-2017,KOTHARIPRO,175.15,173.30,0.0106,0.0363,0.0353,0.6744
16-FEB-2017,KPIT,131.75,130.30,0.0111,0.0143,0.0141,0.2694
16-FEB-2017,KPRMILL,573.00,573.95,-0.0017,0.0150,0.0145,0.2770
16-FEB-2017,KRBL,375.35,373.35,0.0053,0.0202,0.0196,0.3745
16-FEB-2017,KREBSBIO,82.65,87.00,-0.0513,0.0241,0.0265,0.5063
16-FEB-2017,KRIDHANINF,55.90,56.35,-0.0080,0.0280,0.0272,0.5197
16-FEB-2017,KSBPUMPS,608.20,609.15,-0.0016,0.0141,0.0137,0.2617
16-FEB-2017,KSCL,460.45,452.80,0.0168,0.0212,0.0210,0.4012
16-FEB-2017,KSERASERA,0.15,0.10,0.4055,0.2060,0.2231,4.2623
16-FEB-2017,KSK,15.65,15.70,-0.0032,0.0330,0.0320,0.6114
16-FEB-2017,KSL,351.85,345.80,0.0173,0.0200,0.0199,0.3802
16-FEB-2017,KTIL,205.15,205.10,0.0002,0.0276,0.0268,0.5120
16-FEB-2017,KTKBANK,115.05,114.45,0.0052,0.0172,0.0167,0.3191
16-FEB-2017,KWALITY,143.35,142.30,0.0074,0.0206,0.0201,0.3840
16-FEB-2017,L&TFH,114.40,110.05,0.0388,0.0224,0.0237,0.4528
16-FEB-2017,LAKPRE,39.55,38.95,0.0153,0.0248,0.0243,0.4643
16-FEB-2017,LAKSHMIEFL,71.05,71.85,-0.0112,0.0238,0.0232,0.4432
16-FEB-2017,LAKSHVILAS,150.00,147.05,0.0199,0.0158,0.0161,0.3076
16-FEB-2017,LALPATHLAB,999.25,999.85,-0.0006,0.0163,0.0158,0.3019
16-FEB-2017,LAMBODHARA,78.75,78.75,0.0000,0.0250,0.0242,0.4623
16-FEB-2017,LAOPALA,477.60,476.65,0.0020,0.0130,0.0126,0.2407
16-FEB-2017,LAURUSLABS,503.75,508.55,-0.0095,0.0286,0.0278,0.5311
16-FEB-2017,LAXMIMACH,3735.60,3699.20,0.0098,0.0098,0.0098,0.1872
16-FEB-2017,LCCINFOTEC,0.30,0.25,0.1823,0.1496,0.1518,2.9001
16-FEB-2017,LFIC,61.00,58.15,0.0478,0.0366,0.0374,0.7145
16-FEB-2017,LGBBROSLTD,558.95,549.50,0.0171,0.0243,0.0239,0.4566
16-FEB-2017,LGBFORGE,6.65,6.65,0.0000,0.0498,0.0483,0.9228
16-FEB-2017,LIBERTSHOE,162.40,162.05,0.0022,0.0258,0.0250,0.4776
16-FEB-2017,LICHSGFIN,549.15,548.45,0.0013,0.0155,0.0150,0.2866
16-FEB-2017,LICNETFGSC,16.21,16.87,-0.0399,0.0130,0.0160,0.3057
16-FEB-2017,LICNETFN50,88.80,88.85,-0.0006,0.0099,0.0096,0.1834
16-FEB-2017,LICNETFSEN,341.20,341.20,0.0000,0.0962,0.0933,1.7825
16-FEB-2017,LICNFNHGP,108.00,108.00,0.0000,0.0641,0.0621,1.1864
16-FEB-2017,LINCOLN,194.10,187.85,0.0327,0.0177,0.0189,0.3611
16-FEB-2017,LINCPEN,264.05,256.60,0.0286,0.0173,0.0182,0.3477
16-FEB-2017,LINDEINDIA,373.45,368.10,0.0144,0.0216,0.0212,0.4050
16-FEB-2017,LIQUIDBEES,999.99,1000.00,-0.0000,0.0016,0.0016,0.0306
16-FEB-2017,LITL,3.75,3.75,0.0000,0.0306,0.0297,0.5674
16-FEB-2017,LLOYDELENG,324.50,315.10,0.0294,0.0273,0.0274,0.5235
16-FEB-2017,LML,12.85,12.60,0.0196,0.0260,0.0257,0.4910
16-FEB-2017,LOKESHMACH,80.35,78.35,0.0252,0.0294,0.0292,0.5579
16-FEB-2017,LOTUSEYE,27.50,26.75,0.0277,0.0387,0.0381,0.7279
16-FEB-2017,LOVABLE,230.30,233.85,-0.0153,0.0183,0.0181,0.3458
16-FEB-2017,LPDC,3.50,3.35,0.0438,0.0210,0.0230,0.4394
16-FEB-2017,LSIL,1.90,2.00,-0.0513,0.0432,0.0437,0.8349
16-FEB-2017,LT,1470.25,1480.00,-0.0066,0.0112,0.0110,0.2102
16-FEB-2017,LTI,691.10,690.00,0.0016,0.0100,0.0097,0.1853
16-FEB-2017,LTTS,789.70,785.20,0.0057,0.0111,0.0109,0.2082
16-FEB-2017,LUMAXIND,1125.60,1077.70,0.0435,0.0365,0.0370,0.7069
16-FEB-2017,LUMAXTECH,443.35,430.75,0.0288,0.0211,0.0216,0.4127
16-FEB-2017,LUPIN,1440.95,1432.90,0.0056,0.0126,0.0123,0.2350
16-FEB-2017,LUXIND,684.95,695.85,-0.0158,0.0129,0.0131,0.2503
16-FEB-2017,LYCOS,7.70,7.60,0.0131,0.0169,0.0167,0.3191
16-FEB-2017,LYKALABS,58.05,56.55,0.0262,0.0257,0.0257,0.4910
16-FEB-2017,LYPSAGEMS,68.00,67.95,0.0007,0.0280,0.0271,0.5177
16-FEB-2017,M&M,1319.85,1300.85,0.0145,0.0151,0.0151,0.2885
16-FEB-2017,M&MFIN,289.70,286.95,0.0095,0.0249,0.0243,0.4643
16-FEB-2017,M100,16.76,16.52,0.0144,0.0122,0.0123,0.2350
16-FEB-2017,M50,83.60,84.25,-0.0077,0.0105,0.0104,0.1987
16-FEB-2017,MAANALU,95.65,99.65,-0.0410,0.0331,0.0336,0.6419
16-FEB-2017,MADHAV,60.15,59.35,0.0134,0.0468,0.0455,0.8693
16-FEB-2017,MADHUCON,44.55,45.15,-0.0134,0.0281,0.0274,0.5235
16-FEB-2017,MADRASFERT,14.80,14.95,-0.0101,0.0300,0.0292,0.5579
16-FEB-2017,MAGMA,98.10,98.00,0.0010,0.0202,0.0196,0.3745
16-FEB-2017,MAGNUM,4.05,4.15,-0.0244,0.0439,0.0430,0.8215
16-FEB-2017,MAHABANK,32.90,32.60,0.0092,0.0222,0.0216,0.4127
16-FEB-2017,MAHASTEEL,150.05,160.90,-0.0698,0.0328,0.0361,0.6897
16-FEB-2017,MAHINDCIE,199.65,194.85,0.0243,0.0148,0.0155,0.2961
16-FEB-2017,MAHLIFE,342.20,344.65,-0.0071,0.0103,0.0101,0.1930
16-FEB-2017,MAHSCOOTER,1704.70,1685.05,0.0116,0.0161,0.0159,0.3038
16-FEB-2017,MAHSEAMLES,292.60,287.80,0.0165,0.0294,0.0288,0.5502
16-FEB-2017,MAITHANALL,420.65,428.10,-0.0176,0.0277,0.0272,0.5197
16-FEB-2017,MAJESCO,340.50,332.35,0.0242,0.0193,0.0196,0.3745
16-FEB-2017,MALUPAPER,26.55,26.20,0.0133,0.0312,0.0304,0.5808
16-FEB-2017,MALWACOTT,8.70,8.70,0.0000,0.0272,0.0264,0.5044
16-FEB-2017,MANAKALUCO,7.30,7.40,-0.0136,0.0689,0.0669,1.2781
16-FEB-2017,MANAKCOAT,8.50,8.85,-0.0404,0.0568,0.0559,1.0680
16-FEB-2017,MANAKINDST,29.75,31.30,-0.0508,0.0399,0.0406,0.7757
16-FEB-2017,MANAKSIA,66.70,65.00,0.0258,0.0256,0.0256,0.4891
16-FEB-2017,MANAKSTEEL,13.10,13.60,-0.0375,0.0665,0.0651,1.2437
16-FEB-2017,MANALIPETC,34.80,34.40,0.0116,0.0197,0.0193,0.3687
16-FEB-2017,MANAPPURAM,100.85,98.35,0.0251,0.0295,0.0293,0.5598
16-FEB-2017,MANDHANA,26.85,26.05,0.0302,0.0361,0.0358,0.6840
16-FEB-2017,MANGALAM,150.35,148.80,0.0104,0.0260,0.0253,0.4834
16-FEB-2017,MANGCHEFER,51.75,49.35,0.0475,0.0266,0.0283,0.5407
16-FEB-2017,MANGLMCEM,288.45,288.70,-0.0009,0.0226,0.0219,0.4184
16-FEB-2017,MANGTIMBER,28.50,28.55,-0.0018,0.0238,0.0231,0.4413
16-FEB-2017,MANINDS,45.45,45.80,-0.0077,0.0324,0.0315,0.6018
16-FEB-2017,MANINFRA,39.35,39.10,0.0064,0.0190,0.0185,0.3534
16-FEB-2017,MANPASAND,690.90,683.70,0.0105,0.0194,0.0190,0.3630
16-FEB-2017,MANUGRAPH,44.65,43.90,0.0169,0.0255,0.0251,0.4795
16-FEB-2017,MARALOVER,40.20,38.45,0.0445,0.0392,0.0395,0.7546
16-FEB-2017,MARATHON,207.10,210.20,-0.0149,0.0208,0.0205,0.3917
16-FEB-2017,MARICO,268.20,265.55,0.0099,0.0143,0.0141,0.2694
16-FEB-2017,MARKSANS,39.70,37.70,0.0517,0.0173,0.0210,0.4012
16-FEB-2017,MARUTI,6024.55,5862.70,0.0272,0.0139,0.0150,0.2866
16-FEB-2017,MASKINVEST,22.05,22.05,0.0000,0.0106,0.0103,0.1968
16-FEB-2017,MASTEK,184.30,179.15,0.0283,0.0269,0.0270,0.5158
16-FEB-2017,MAWANASUG,78.40,75.40,0.0390,0.0409,0.0408,0.7795
16-FEB-2017,MAXINDIA,156.75,157.45,-0.0045,0.0220,0.0214,0.4088
16-FEB-2017,MAXVIL,86.00,82.40,0.0428,0.0477,0.0474,0.9056
16-FEB-2017,MAYURUNIQ,360.05,350.75,0.0262,0.0194,0.0199,0.3802
16-FEB-2017,MAZDA,318.10,320.15,-0.0064,0.0187,0.0182,0.3477
16-FEB-2017,MBECL,62.10,63.00,-0.0144,0.0403,0.0392,0.7489
16-FEB-2017,MBLINFRA,50.60,49.90,0.0139,0.0431,0.0419,0.8005
16-FEB-2017,MCDHOLDING,44.05,41.75,0.0536,0.0329,0.0345,0.6591
16-FEB-2017,MCDOWELL-N,2316.60,2315.10,0.0006,0.0220,0.0213,0.4069
16-FEB-2017,MCLEODRUSS,168.40,167.90,0.0030,0.0208,0.0202,0.3859
16-FEB-2017,MCX,1114.15,1099.05,0.0136,0.0211,0.0207,0.3955
16-FEB-2017,MEGASOFT,21.00,20.40,0.0290,0.0373,0.0369,0.7050
16-FEB-2017,MEGH,40.20,37.50,0.0695,0.0283,0.0323,0.6171
16-FEB-2017,MELSTAR,4.30,4.30,0.0000,0.0174,0.0169,0.3229
16-FEB-2017,MENONBE,72.80,72.40,0.0055,0.0169,0.0164,0.3133
16-FEB-2017,MEP,38.65,38.60,0.0013,0.0199,0.0193,0.3687
16-FEB-2017,MERCATOR,46.75,45.05,0.0370,0.0238,0.0248,0.4738
16-FEB-2017,MERCK,986.00,983.90,0.0021,0.0142,0.0138,0.2636
16-FEB-2017,METALFORGE,59.45,59.15,0.0051,0.0282,0.0274,0.5235
16-FEB-2017,METKORE,3.95,4.10,-0.0373,0.0629,0.0617,1.1788
16-FEB-2017,MFSL,599.60,603.60,-0.0066,0.0149,0.0145,0.2770
16-FEB-2017,MGL,900.90,914.30,-0.0148,0.0149,0.0149,0.2847
16-FEB-2017,MHRIL,444.10,438.60,0.0125,0.0145,0.0144,0.2751
16-FEB-2017,MIC,14.40,14.05,0.0246,0.0226,0.0227,0.4337
16-FEB-2017,MIDCAPIWIN,56.63,56.84,-0.0037,0.0090,0.0088,0.1681
16-FEB-2017,MINDACORP,93.45,91.45,0.0216,0.0229,0.0228,0.4356
16-FEB-2017,MINDAIND,377.35,372.40,0.0132,0.0206,0.0202,0.3859
16-FEB-2017,MINDTECK,83.70,82.50,0.0144,0.0304,0.0297,0.5674
16-FEB-2017,MINDTREE,468.00,457.65,0.0224,0.0178,0.0181,0.3458
16-FEB-2017,MIRCELECTR,12.95,13.00,-0.0039,0.0222,0.0215,0.4108
16-FEB-2017,MIRZAINT,89.75,88.65,0.0123,0.0179,0.0176,0.3362
16-FEB-2017,MMFL,466.75,453.75,0.0282,0.0180,0.0188,0.3592
16-FEB-2017,MMTC,64.30,64.15,0.0023,0.0307,0.0298,0.5693
16-FEB-2017,MOHITIND,42.85,43.00,-0.0035,0.0448,0.0434,0.8292
16-FEB-2017,MOIL,359.75,356.35,0.0095,0.0207,0.0202,0.3859
16-FEB-2017,MOLDTECH,46.95,46.75,0.0043,0.0205,0.0199,0.3802
16-FEB-2017,MOLDTKPAC,214.40,208.40,0.0284,0.0149,0.0160,0.3057
16-FEB-2017,MONNETISPA,36.20,35.80,0.0111,0.0450,0.0437,0.8349
16-FEB-2017,MONSANTO,2301.65,2290.05,0.0051,0.0067,0.0066,0.1261
16-FEB-2017,MONTECARLO,389.05,391.20,-0.0055,0.0128,0.0125,0.2388
16-FEB-2017,MORARJEE,54.55,53.70,0.0157,0.0298,0.0291,0.5560
16-FEB-2017,MOREPENLAB,20.60,20.25,0.0171,0.0228,0.0225,0.4299
16-FEB-2017,MOSERBAER,7.05,6.95,0.0143,0.0253,0.0248,0.4738
16-FEB-2017,MOTHERSUMI,347.05,343.40,0.0106,0.0172,0.0169,0.3229
16-FEB-2017,MOTILALOFS,629.65,619.20,0.0167,0.0189,0.0188,0.3592
16-FEB-2017,MOTOGENFIN,34.95,33.40,0.0454,0.0352,0.0359,0.6859
16-FEB-2017,MPHASIS,573.95,574.65,-0.0012,0.0169,0.0164,0.3133
16-FEB-2017,MPSLTD,680.00,678.70,0.0019,0.0171,0.0166,0.3171
16-FEB-2017,MRF,50538.05,49997.15,0.0108,0.0153,0.0151,0.2885
16-FEB-2017,MRO-TEK,67.30,65.35,0.0294,0.0229,0.0233,0.4451
16-FEB-2017,MRPL,106.50,102.15,0.0417,0.0263,0.0275,0.5254
16-FEB-2017,MSPL,14.05,13.80,0.0180,0.0407,0.0397,0.7585
16-FEB-2017,MTEDUCARE,98.30,103.20,-0.0486,0.0512,0.0511,0.9763
16-FEB-2017,MTNL,21.55,21.85,-0.0138,0.0478,0.0465,0.8884
16-FEB-2017,MUKANDENGG,39.40,39.05,0.0089,0.0368,0.0357,0.6820
16-FEB-2017,MUKANDLTD,65.25,64.80,0.0069,0.0292,0.0284,0.5426
16-FEB-2017,MUKTAARTS,86.70,86.90,-0.0023,0.0307,0.0298,0.5693
16-FEB-2017,MUNJALAU,94.85,91.40,0.0371,0.0198,0.0212,0.4050
16-FEB-2017,MUNJALSHOW,205.70,201.20,0.0221,0.0167,0.0171,0.3267
16-FEB-2017,MURUDCERA,30.15,30.10,0.0017,0.0261,0.0253,0.4834
16-FEB-2017,MUTHOOTCAP,264.85,261.10,0.0143,0.0303,0.0296,0.5655
16-FEB-2017,MUTHOOTFIN,348.10,331.80,0.0480,0.0286,0.0301,0.5751
16-FEB-2017,MVL,0.50,0.50,0.0000,0.0665,0.0645,1.2323
16-FEB-2017,MYSOREBANK,586.80,561.95,0.0433,0.0129,0.0164,0.3133
16-FEB-2017,N100,412.65,405.80,0.0167,0.0150,0.0151,0.2885
16-FEB-2017,NAGAFERT,11.80,11.85,-0.0042,0.0320,0.0310,0.5923
16-FEB-2017,NAGAROIL,4.75,4.60,0.0321,0.0213,0.0221,0.4222
16-FEB-2017,NAGREEKCAP,11.35,11.00,0.0313,0.0248,0.0252,0.4814
16-FEB-2017,NAGREEKEXP,33.00,32.45,0.0168,0.0320,0.0313,0.5980
16-FEB-2017,NAHARCAP,101.00,98.55,0.0246,0.0178,0.0183,0.3496
16-FEB-2017,NAHARINDUS,118.05,113.70,0.0375,0.0391,0.0390,0.7451
16-FEB-2017,NAHARPOLY,57.40,57.45,-0.0009,0.0263,0.0255,0.4872
16-FEB-2017,NAHARSPING,132.15,127.15,0.0386,0.0371,0.0372,0.7107
16-FEB-2017,NAKODA,0.45,0.40,0.1178,0.0717,0.0753,1.4386
16-FEB-2017,NATCOPHARM,767.05,758.20,0.0116,0.0259,0.0253,0.4834
16-FEB-2017,NATHBIOGEN,147.85,148.85,-0.0067,0.0294,0.0286,0.5464
16-FEB-2017,NATIONALUM,64.95,64.95,0.0000,0.0329,0.0319,0.6094
16-FEB-2017,NATNLSTEEL,23.20,23.85,-0.0276,0.0268,0.0269,0.5139
16-FEB-2017,NAUKRI,838.70,833.75,0.0059,0.0174,0.0169,0.3229
16-FEB-2017,NAVINFLUOR,2585.80,2515.70,0.0275,0.0149,0.0159,0.3038
16-FEB-2017,NAVKARCORP,156.30,159.15,-0.0181,0.0200,0.0199,0.3802
16-FEB-2017,NAVNETEDUL,143.90,143.00,0.0063,0.0258,0.0251,0.4795
16-FEB-2017,NBCC,289.25,286.20,0.0106,0.0157,0.0154,0.2942
16-FEB-2017,NBIFIN,1721.45,1639.50,0.0488,0.0454,0.0456,0.8712
16-FEB-2017,NBVENTURES,112.30,112.05,0.0022,0.0210,0.0204,0.3897
16-FEB-2017,NCC,82.10,80.60,0.0184,0.0199,0.0198,0.3783
16-FEB-2017,NCLIND,152.75,146.25,0.0435,0.0452,0.0451,0.8616
16-FEB-2017,NDGL,390.00,392.00,-0.0051,0.0292,0.0283,0.5407
16-FEB-2017,NDL,116.70,114.60,0.0182,0.0209,0.0207,0.3955
16-FEB-2017,NDTV,74.50,73.80,0.0094,0.0182,0.0178,0.3401
16-FEB-2017,NECCLTD,70.95,74.65,-0.0508,0.0488,0.0489,0.9342
16-FEB-2017,NECLIFE,36.75,35.70,0.0290,0.0213,0.0218,0.4165
16-FEB-2017,NELCAST,54.90,53.10,0.0333,0.0277,0.0281,0.5368
16-FEB-2017,NELCO,77.80,77.45,0.0045,0.0158,0.0154,0.2942
16-FEB-2017,NEPCMICON,2.25,2.30,-0.0220,0.0305,0.0301,0.5751
16-FEB-2017,NESCO,2253.15,2165.15,0.0398,0.0178,0.0198,0.3783
16-FEB-2017,NESTLEIND,6207.80,6169.35,0.0062,0.0118,0.0115,0.2197
16-FEB-2017,NET4,1.50,1.55,-0.0328,0.0198,0.0208,0.3974
16-FEB-2017,NETWORK18,36.25,36.10,0.0041,0.0178,0.0173,0.3305
16-FEB-2017,NEULANDLAB,915.70,900.75,0.0165,0.0223,0.0220,0.4203
16-FEB-2017,NEXTMEDIA,24.45,27.30,-0.1103,0.0540,0.0589,1.1253
16-FEB-2017,NFL,66.70,67.50,-0.0119,0.0430,0.0418,0.7986
16-FEB-2017,NH,323.60,321.95,0.0051,0.0100,0.0098,0.1872
16-FEB-2017,NHPC,30.95,30.65,0.0097,0.0212,0.0207,0.3955
16-FEB-2017,NIBL,35.40,35.55,-0.0042,0.0261,0.0253,0.4834
16-FEB-2017,NICCO,0.30,0.35,-0.1542,0.0690,0.0768,1.4673
16-FEB-2017,NIF100IWIN,94.08,94.07,0.0001,0.0074,0.0072,0.1376
16-FEB-2017,NIFTYBEES,895.12,890.41,0.0053,0.0066,0.0065,0.1242
16-FEB-2017,NIFTYEES,9051.00,9006.50,0.0049,0.0129,0.0126,0.2407
16-FEB-2017,NIFTYIWIN,89.29,88.77,0.0058,0.0067,0.0067,0.1280
16-FEB-2017,NIITLTD,73.30,73.95,-0.0088,0.0193,0.0188,0.3592
16-FEB-2017,NIITTECH,423.70,418.15,0.0132,0.0150,0.0149,0.2847
16-FEB-2017,NILAINFRA,16.35,16.40,-0.0031,0.0311,0.0302,0.5770
16-FEB-2017,NILKAMAL,1691.10,1675.20,0.0094,0.0216,0.0211,0.4031
16-FEB-2017,NIPPOBATRY,905.60,903.60,0.0022,0.0157,0.0152,0.2904
16-FEB-2017,NITCO,60.80,59.40,0.0233,0.0277,0.0275,0.5254
16-FEB-2017,NITESHEST,7.40,7.60,-0.0267,0.0291,0.0290,0.5540
16-FEB-2017,NITINFIRE,28.00,27.90,0.0036,0.0269,0.0261,0.4986
16-FEB-2017,NITINSPIN,96.95,92.65,0.0454,0.0374,0.0379,0.7241
16-FEB-2017,NKIND,37.50,37.50,0.0000,0.0148,0.0143,0.2732
16-FEB-2017,NLCINDIA,94.55,94.25,0.0032,0.0230,0.0223,0.4260
16-FEB-2017,NMDC,136.75,135.85,0.0066,0.0197,0.0192,0.3668
16-FEB-2017,NOCIL,81.90,80.30,0.0197,0.0226,0.0224,0.4280
16-FEB-2017,NOESISIND,0.45,0.50,-0.1054,0.0370,0.0442,0.8444
16-FEB-2017,NOIDATOLL,12.25,12.30,-0.0041,0.0161,0.0156,0.2980
16-FEB-2017,NORBTEAEXP,6.95,6.95,0.0000,0.0273,0.0265,0.5063
16-FEB-2017,NRBBEARING,110.45,109.60,0.0077,0.0193,0.0188,0.3592
16-FEB-2017,NSIL,772.30,775.70,-0.0044,0.0220,0.0214,0.4088
16-FEB-2017,NTPC,170.30,169.05,0.0074,0.0145,0.0142,0.2713
16-FEB-2017,NUCLEUS,261.60,257.20,0.0170,0.0225,0.0222,0.4241
16-FEB-2017,NUTEK,0.70,0.65,0.0741,0.0490,0.0509,0.9724
16-FEB-2017,NV20IWIN,38.54,38.54,0.0000,0.0068,0.0066,0.1261
16-FEB-2017,OBEROIRLTY,334.15,331.85,0.0069,0.0219,0.0213,0.4069
16-FEB-2017,OCCL,860.90,856.75,0.0048,0.0180,0.0175,0.3343
16-FEB-2017,OCL,916.05,908.80,0.0079,0.0262,0.0255,0.4872
16-FEB-2017,OFSS,3625.70,3600.55,0.0070,0.0178,0.0173,0.3305
16-FEB-2017,OIL,334.65,336.35,-0.0051,0.0149,0.0145,0.2770
16-FEB-2017,OILCOUNTUB,42.35,40.35,0.0484,0.0466,0.0467,0.8922
16-FEB-2017,OISL,5.80,5.80,0.0000,0.0590,0.0572,1.0928
16-FEB-2017,OMAXAUTO,73.80,70.15,0.0507,0.0197,0.0228,0.4356
16-FEB-2017,OMAXE,167.50,167.70,-0.0012,0.0073,0.0071,0.1356
16-FEB-2017,OMKARCHEM,161.40,162.20,-0.0049,0.0119,0.0116,0.2216
16-FEB-2017,OMMETALS,43.35,43.75,-0.0092,0.0239,0.0233,0.4451
16-FEB-2017,ONELIFECAP,22.70,22.70,0.0000,0.0236,0.0229,0.4375
16-FEB-2017,ONGC,194.10,194.95,-0.0044,0.0119,0.0116,0.2216
16-FEB-2017,ONMOBILE,80.65,79.05,0.0200,0.0195,0.0195,0.3725
16-FEB-2017,ONWARDTEC,66.80,65.05,0.0265,0.0222,0.0225,0.4299
16-FEB-2017,OPTOCIRCUI,10.05,9.90,0.0150,0.0248,0.0243,0.4643
16-FEB-2017,ORBITCORP,4.90,5.00,-0.0202,0.0446,0.0435,0.8311
16-FEB-2017,ORBTEXP,157.25,162.10,-0.0304,0.0274,0.0276,0.5273
16-FEB-2017,ORCHIDPHAR,27.55,27.05,0.0183,0.0246,0.0243,0.4643
16-FEB-2017,ORICONENT,53.25,52.80,0.0085,0.0248,0.0241,0.4604
16-FEB-2017,ORIENTABRA,34.15,33.30,0.0252,0.0323,0.0319,0.6094
16-FEB-2017,ORIENTALTL,8.30,7.55,0.0947,0.0403,0.0454,0.8674
16-FEB-2017,ORIENTBANK,120.35,119.90,0.0037,0.0252,0.0244,0.4662
16-FEB-2017,ORIENTBELL,163.55,158.90,0.0288,0.0298,0.0297,0.5674
16-FEB-2017,ORIENTCEM,133.20,131.70,0.0113,0.0217,0.0212,0.4050
16-FEB-2017,ORIENTHOT,26.45,26.45,0.0000,0.0340,0.0330,0.6305
16-FEB-2017,ORIENTLTD,62.35,65.10,-0.0432,0.0261,0.0274,0.5235
16-FEB-2017,ORIENTPPR,78.10,77.75,0.0045,0.0189,0.0184,0.3515
16-FEB-2017,ORIENTREF,134.60,136.55,-0.0144,0.0219,0.0215,0.4108
16-FEB-2017,ORISSAMINE,2176.30,2146.55,0.0138,0.0200,0.0197,0.3764
16-FEB-2017,ORTEL,114.85,116.60,-0.0151,0.0289,0.0283,0.5407
16-FEB-2017,ORTINLABSS,20.60,20.45,0.0073,0.0323,0.0314,0.5999
16-FEB-2017,OUDHSUG,145.90,142.15,0.0260,0.0361,0.0356,0.6801
16-FEB-2017,PAEL,12.35,11.35,0.0844,0.0435,0.0470,0.8979
16-FEB-2017,PAGEIND,14345.70,14239.45,0.0074,0.0153,0.0149,0.2847
16-FEB-2017,PALREDTEC,112.50,113.45,-0.0084,0.0438,0.0425,0.8120
16-FEB-2017,PANACEABIO,135.10,129.70,0.0408,0.0529,0.0523,0.9992
16-FEB-2017,PANAMAPET,116.80,117.20,-0.0034,0.0334,0.0324,0.6190
16-FEB-2017,PANORAMUNI,9.45,9.50,-0.0053,0.0172,0.0167,0.3191
16-FEB-2017,PAPERPROD,245.70,237.90,0.0323,0.0147,0.0163,0.3114
16-FEB-2017,PARABDRUGS,9.05,8.90,0.0167,0.0326,0.0319,0.6094
16-FEB-2017,PARACABLES,3.95,4.15,-0.0494,0.0762,0.0749,1.4310
16-FEB-2017,PARAGMILK,212.50,213.75,-0.0059,0.0561,0.0544,1.0393
16-FEB-2017,PARRYSUGAR,63.50,57.60,0.0975,0.0507,0.0547,1.0450
16-FEB-2017,PARSVNATH,12.95,12.90,0.0039,0.0209,0.0203,0.3878
16-FEB-2017,PATELENG,78.75,78.45,0.0038,0.0240,0.0233,0.4451
16-FEB-2017,PATINTLOG,76.45,75.00,0.0191,0.0239,0.0236,0.4509
16-FEB-2017,PATSPINLTD,13.65,13.20,0.0335,0.0441,0.0435,0.8311
16-FEB-2017,PBAINFRA,25.25,24.05,0.0487,0.0554,0.0550,1.0508
16-FEB-2017,PCJEWELLER,374.30,370.65,0.0098,0.0220,0.0215,0.4108
16-FEB-2017,PDMJEPAPER,19.60,19.80,-0.0102,0.0256,0.0249,0.4757
16-FEB-2017,PDPL,22.05,22.55,-0.0224,0.0207,0.0208,0.3974
16-FEB-2017,PDSMFL,148.00,148.00,0.0000,0.0116,0.0112,0.2140
16-FEB-2017,PDUMJEIND,11.10,11.10,0.0000,0.0292,0.0283,0.5407
16-FEB-2017,PDUMJEPULP,20.10,20.20,-0.0050,0.0225,0.0218,0.4165
16-FEB-2017,PEARLPOLY,26.95,26.05,0.0340,0.0233,0.0241,0.4604
16-FEB-2017,PEL,1845.40,1857.40,-0.0065,0.0202,0.0196,0.3745
16-FEB-2017,PENIND,40.45,40.40,0.0012,0.0181,0.0176,0.3362
16-FEB-2017,PENINLAND,15.75,15.60,0.0096,0.0412,0.0400,0.7642
16-FEB-2017,PENPEBS,127.05,129.10,-0.0160,0.0278,0.0272,0.5197
16-FEB-2017,PERSISTENT,629.80,622.00,0.0125,0.0119,0.0119,0.2273
16-FEB-2017,PETRONENGG,135.05,134.75,0.0022,0.0218,0.0211,0.4031
16-FEB-2017,PETRONET,386.10,382.25,0.0100,0.0178,0.0174,0.3324
16-FEB-2017,PFC,131.45,127.55,0.0301,0.0207,0.0214,0.4088
16-FEB-2017,PFIZER,1729.65,1716.05,0.0079,0.0077,0.0077,0.1471
16-FEB-2017,PFOCUS,86.70,85.95,0.0087,0.0292,0.0284,0.5426
16-FEB-2017,PFS,39.90,39.75,0.0038,0.0189,0.0183,0.3496
16-FEB-2017,PGEL,194.40,192.15,0.0116,0.0438,0.0426,0.8139
16-FEB-2017,PGHH,7013.85,7016.85,-0.0004,0.0099,0.0096,0.1834
16-FEB-2017,PGIL,148.85,147.00,0.0125,0.0306,0.0298,0.5693
16-FEB-2017,PHILIPCARB,300.30,275.35,0.0867,0.0217,0.0299,0.5712
16-FEB-2017,PHOENIXLL,158.90,153.30,0.0359,0.0137,0.0159,0.3038
16-FEB-2017,PHOENIXLTD,354.70,345.15,0.0273,0.0152,0.0162,0.3095
16-FEB-2017,PIDILITIND,671.20,670.55,0.0010,0.0154,0.0149,0.2847
16-FEB-2017,PIIND,862.70,878.20,-0.0178,0.0207,0.0205,0.3917
16-FEB-2017,PILANIINVS,1680.00,1669.00,0.0066,0.0156,0.0152,0.2904
16-FEB-2017,PILITA,15.10,15.00,0.0066,0.0501,0.0486,0.9285
16-FEB-2017,PINCON,65.70,65.85,-0.0023,0.0253,0.0245,0.4681
16-FEB-2017,PIONDIST,172.90,175.95,-0.0175,0.0228,0.0225,0.4299
16-FEB-2017,PIONEEREMB,48.15,47.15,0.0210,0.0251,0.0249,0.4757
16-FEB-2017,PIRPHYTO,89.65,87.50,0.0243,0.0205,0.0207,0.3955
16-FEB-2017,PITTILAM,62.80,61.45,0.0217,0.0266,0.0263,0.5025
16-FEB-2017,PKTEA,180.00,180.25,-0.0014,0.0410,0.0398,0.7604
16-FEB-2017,PLASTIBLEN,471.95,464.15,0.0167,0.0181,0.0180,0.3439
16-FEB-2017,PNB,140.95,139.80,0.0082,0.0225,0.0219,0.4184
16-FEB-2017,PNBGILTS,57.65,50.90,0.1245,0.0342,0.0451,0.8616
16-FEB-2017,PNBHOUSING,1122.30,1100.15,0.0199,0.0297,0.0292,0.5579
16-FEB-2017,PNC,22.00,22.35,-0.0158,0.0361,0.0352,0.6725
16-FEB-2017,PNCINFRA,101.20,102.75,-0.0152,0.0095,0.0099,0.1891
16-FEB-2017,PNEUMATIC,1001.50,980.00,0.0217,0.0375,0.0367,0.7012
16-FEB-2017,POCHIRAJU,7.95,7.85,0.0127,0.0226,0.0221,0.4222
16-FEB-2017,PODDARMENT,248.90,252.45,-0.0142,0.0312,0.0304,0.5808
16-FEB-2017,POKARNA,1131.35,1114.10,0.0154,0.0402,0.0392,0.7489
16-FEB-2017,POLARIND,1.95,1.95,0.0000,0.0016,0.0016,0.0306
16-FEB-2017,POLARIS,179.35,176.30,0.0172,0.0183,0.0182,0.3477
16-FEB-2017,POLYMED,505.10,508.40,-0.0065,0.0386,0.0375,0.7164
16-FEB-2017,POLYPLEX,364.10,361.25,0.0079,0.0228,0.0222,0.4241
16-FEB-2017,PONNIERODE,209.40,208.85,0.0026,0.0280,0.0272,0.5197
16-FEB-2017,POWERGRID,201.15,200.45,0.0035,0.0114,0.0111,0.2121
16-FEB-2017,POWERMECH,449.75,444.90,0.0108,0.0125,0.0124,0.2369
16-FEB-2017,PPAP,199.85,201.85,-0.0100,0.0249,0.0243,0.4643
16-FEB-2017,PRABHAT,125.30,127.30,-0.0158,0.0418,0.0407,0.7776
16-FEB-2017,PRADIP,2.80,2.70,0.0364,0.0734,0.0717,1.3698
16-FEB-2017,PRAENG,12.00,12.00,0.0000,0.0346,0.0335,0.6400
16-FEB-2017,PRAJIND,77.70,77.25,0.0058,0.0174,0.0169,0.3229
16-FEB-2017,PRAKASH,80.95,74.80,0.0790,0.0380,0.0416,0.7948
16-FEB-2017,PRAKASHCON,4.45,4.35,0.0227,0.0374,0.0367,0.7012
16-FEB-2017,PRAKASHSTL,1.40,1.45,-0.0351,0.0486,0.0479,0.9151
16-FEB-2017,PRATIBHA,12.65,12.40,0.0200,0.0318,0.0312,0.5961
16-FEB-2017,PRECAM,155.00,155.05,-0.0003,0.0203,0.0197,0.3764
16-FEB-2017,PRECOT,67.20,67.85,-0.0096,0.0313,0.0304,0.5808
16-FEB-2017,PRECWIRE,121.15,120.60,0.0046,0.0277,0.0269,0.5139
16-FEB-2017,PREMEXPLN,353.25,356.95,-0.0104,0.0157,0.0154,0.2942
16-FEB-2017,PREMIER,33.80,32.25,0.0469,0.0350,0.0358,0.6840
16-FEB-2017,PREMIERPOL,29.15,29.15,0.0000,0.0236,0.0229,0.4375
16-FEB-2017,PRESSMN,62.10,60.40,0.0278,0.0435,0.0427,0.8158
16-FEB-2017,PRESTIGE,176.00,168.85,0.0415,0.0249,0.0262,0.5006
16-FEB-2017,PRICOLLTD,93.50,92.75,0.0081,0.0239,0.0233,0.4451
16-FEB-2017,PRIMESECU,29.10,26.60,0.0898,0.0402,0.0448,0.8559
16-FEB-2017,PRISMCEM,91.75,89.95,0.0198,0.0370,0.0362,0.6916
16-FEB-2017,PROVOGE,4.35,4.30,0.0116,0.0193,0.0189,0.3611
16-FEB-2017,PROZONINTU,36.05,34.35,0.0483,0.0296,0.0310,0.5923
16-FEB-2017,PSB,52.75,51.35,0.0269,0.0213,0.0217,0.4146
16-FEB-2017,PSL,5.65,5.65,0.0000,0.0248,0.0240,0.4585
16-FEB-2017,PSUBNKBEES,366.31,360.19,0.0168,0.0169,0.0169,0.3229
16-FEB-2017,PTC,85.40,84.10,0.0153,0.0235,0.0231,0.4413
16-FEB-2017,PTL,138.90,139.35,-0.0032,0.0179,0.0174,0.3324
16-FEB-2017,PUNJABCHEM,276.95,272.45,0.0164,0.0174,0.0173,0.3305
16-FEB-2017,PUNJLLOYD,20.20,20.05,0.0075,0.0191,0.0186,0.3554
16-FEB-2017,PURVA,48.35,47.75,0.0125,0.0305,0.0297,0.5674
16-FEB-2017,PVP,4.90,4.80,0.0206,0.0419,0.0409,0.7814
16-FEB-2017,PVR,1275.25,1270.90,0.0034,0.0188,0.0182,0.3477
16-FEB-2017,QGOLDHALF,1338.65,1327.00,0.0087,0.0063,0.0065,0.1242
16-FEB-2017,QNIFTY,937.80,941.70,-0.0042,0.0063,0.0062,0.1185
16-FEB-2017,QUESS,648.05,652.35,-0.0066,0.0190,0.0185,0.3534
16-FEB-2017,QUICKHEAL,251.15,250.10,0.0042,0.0213,0.0207,0.3955
16-FEB-2017,QUINTEGRA,0.90,0.90,0.0000,0.0143,0.0139,0.2656
16-FEB-2017,RADAAN,1.70,1.70,0.0000,0.0179,0.0174,0.3324
16-FEB-2017,RADICO,130.70,120.20,0.0837,0.0261,0.0326,0.6228
16-FEB-2017,RAIN,78.90,76.60,0.0296,0.0308,0.0307,0.5865
16-FEB-2017,RAINBOWPAP,4.95,4.90,0.0102,0.0442,0.0429,0.8196
16-FEB-2017,RAIREKMOH,80.15,74.90,0.0677,0.0313,0.0346,0.6610
16-FEB-2017,RAJESHEXPO,497.45,495.65,0.0036,0.0098,0.0095,0.1815
16-FEB-2017,RAJOIL,2.00,2.05,-0.0247,0.0323,0.0319,0.6094
16-FEB-2017,RAJRAYON,0.30,0.30,0.0000,0.0968,0.0939,1.7940
16-FEB-2017,RAJSREESUG,61.80,60.05,0.0287,0.0311,0.0310,0.5923
16-FEB-2017,RAJTV,65.45,67.80,-0.0353,0.0324,0.0326,0.6228
16-FEB-2017,RAJVIR,43.05,43.05,0.0000,0.0278,0.0270,0.5158
16-FEB-2017,RALLIS,246.25,239.85,0.0263,0.0163,0.0171,0.3267
16-FEB-2017,RAMANEWS,33.80,33.85,-0.0015,0.0317,0.0307,0.5865
16-FEB-2017,RAMASTEEL,128.40,126.05,0.0185,0.0235,0.0232,0.4432
16-FEB-2017,RAMCOCEM,678.30,656.90,0.0321,0.0211,0.0219,0.4184
16-FEB-2017,RAMCOIND,203.55,198.75,0.0239,0.0299,0.0296,0.5655
16-FEB-2017,RAMCOSYS,343.05,336.85,0.0182,0.0288,0.0283,0.5407
16-FEB-2017,RAMKY,80.10,80.30,-0.0025,0.0261,0.0253,0.4834
16-FEB-2017,RAMSARUP,2.30,2.30,0.0000,0.0311,0.0302,0.5770
16-FEB-2017,RANASUG,10.50,9.80,0.0690,0.0725,0.0723,1.3813
16-FEB-2017,RANEENGINE,606.55,602.70,0.0064,0.0182,0.0177,0.3382
16-FEB-2017,RANEHOLDIN,885.30,886.50,-0.0014,0.0285,0.0276,0.5273
16-FEB-2017,RASOYPR,0.20,0.20,0.0000,0.1472,0.1427,2.7263
16-FEB-2017,RATNAMANI,665.60,676.95,-0.0169,0.0214,0.0212,0.4050
16-FEB-2017,RAYMOND,500.45,502.85,-0.0048,0.0147,0.0143,0.2732
16-FEB-2017,RBL,968.60,955.95,0.0131,0.0189,0.0186,0.3554
16-FEB-2017,RBLBANK,413.10,395.55,0.0434,0.0193,0.0215,0.4108
16-FEB-2017,RCF,57.40,57.00,0.0070,0.0249,0.0242,0.4623
16-FEB-2017,RCOM,33.25,32.70,0.0167,0.0336,0.0328,0.6266
16-FEB-2017,RDEL,59.95,58.25,0.0288,0.0200,0.0206,0.3936
16-FEB-2017,RECLTD,143.25,140.15,0.0219,0.0214,0.0214,0.4088
16-FEB-2017,REDINGTON,108.00,108.05,-0.0005,0.0172,0.0167,0.3191
16-FEB-2017,REFEX,15.05,15.00,0.0033,0.0334,0.0324,0.6190
16-FEB-2017,REGENCERAM,6.20,6.20,0.0000,0.0315,0.0305,0.5827
16-FEB-2017,REIAGROLTD,0.45,0.45,0.0000,0.0677,0.0656,1.2533
16-FEB-2017,REISIXTEN,0.65,0.60,0.0800,0.0630,0.0642,1.2265
16-FEB-2017,RELAXO,427.60,420.40,0.0170,0.0184,0.0183,0.3496
16-FEB-2017,RELCAPITAL,490.60,473.10,0.0363,0.0200,0.0213,0.4069
16-FEB-2017,RELCNX100,91.55,92.64,-0.0118,0.0097,0.0098,0.1872
16-FEB-2017,RELCONS,40.14,40.41,-0.0067,0.0101,0.0099,0.1891
16-FEB-2017,RELDIVOPP,24.30,24.40,-0.0041,0.0112,0.0109,0.2082
16-FEB-2017,RELIANCE,1067.50,1051.30,0.0153,0.0104,0.0108,0.2063
16-FEB-2017,RELIGARE,237.10,234.00,0.0132,0.0133,0.0133,0.2541
16-FEB-2017,RELINFRA,550.95,541.55,0.0172,0.0223,0.0220,0.4203
16-FEB-2017,RELNV20,386.87,386.87,0.0000,0.0145,0.0141,0.2694
16-FEB-2017,REMSONSIND,59.50,57.10,0.0412,0.0572,0.0564,1.0775
16-FEB-2017,RENUKA,15.25,15.00,0.0165,0.0314,0.0307,0.5865
16-FEB-2017,REPCOHOME,633.35,641.55,-0.0129,0.0338,0.0329,0.6286
16-FEB-2017,REPRO,391.70,397.00,-0.0134,0.0085,0.0089,0.1700
16-FEB-2017,RESPONIND,84.25,81.50,0.0332,0.0392,0.0389,0.7432
16-FEB-2017,REVATHI,810.70,784.45,0.0329,0.0593,0.0581,1.1100
16-FEB-2017,RICOAUTO,56.05,55.10,0.0171,0.0228,0.0225,0.4299
16-FEB-2017,RIIL,398.70,396.95,0.0044,0.0171,0.0166,0.3171
16-FEB-2017,RJL,152.70,148.45,0.0282,0.0348,0.0344,0.6572
16-FEB-2017,RKDL,10.65,11.00,-0.0323,0.0261,0.0265,0.5063
16-FEB-2017,RKFORGE,396.25,410.25,-0.0347,0.0272,0.0277,0.5292
16-FEB-2017,RMCL,35.55,35.10,0.0127,0.0296,0.0289,0.5521
16-FEB-2017,RML,423.15,411.15,0.0288,0.0194,0.0201,0.3840
16-FEB-2017,ROHITFERRO,6.65,7.00,-0.0513,0.0382,0.0391,0.7470
16-FEB-2017,ROHLTD,81.50,79.70,0.0223,0.0226,0.0226,0.4318
16-FEB-2017,ROLLT,16.85,16.90,-0.0030,0.0272,0.0264,0.5044
16-FEB-2017,ROLTA,63.45,62.95,0.0079,0.0225,0.0219,0.4184
16-FEB-2017,ROSSELLIND,108.80,110.00,-0.0110,0.0280,0.0273,0.5216
16-FEB-2017,RPGLIFE,443.45,441.40,0.0046,0.0218,0.0212,0.4050
16-FEB-2017,RPOWER,43.40,43.00,0.0093,0.0156,0.0153,0.2923
16-FEB-2017,RPPINFRA,333.50,337.05,-0.0106,0.0566,0.0549,1.0489
16-FEB-2017,RRSLGETF,16.98,16.98,0.0000,0.0022,0.0021,0.0401
16-FEB-2017,RSSOFTWARE,93.45,92.90,0.0059,0.0311,0.0302,0.5770
16-FEB-2017,RSWM,408.25,426.20,-0.0430,0.0271,0.0283,0.5407
16-FEB-2017,RSYSTEMS,56.75,56.95,-0.0035,0.0165,0.0160,0.3057
16-FEB-2017,RTNINFRA,3.20,3.30,-0.0308,0.0199,0.0207,0.3955
16-FEB-2017,RTNPOWER,7.10,7.00,0.0142,0.0251,0.0246,0.4700
16-FEB-2017,RUBYMILLS,354.30,350.05,0.0121,0.0208,0.0204,0.3897
16-FEB-2017,RUCHINFRA,3.80,3.70,0.0267,0.0230,0.0232,0.4432
16-FEB-2017,RUCHIRA,129.15,125.00,0.0327,0.0288,0.0290,0.5540
16-FEB-2017,RUCHISOYA,26.55,26.40,0.0057,0.0578,0.0561,1.0718
16-FEB-2017,RUPA,247.60,250.05,-0.0098,0.0183,0.0179,0.3420
16-FEB-2017,RUSHIL,669.30,667.90,0.0021,0.0212,0.0206,0.3936
16-FEB-2017,SABEVENTS,52.35,52.05,0.0057,0.0288,0.0280,0.5349
16-FEB-2017,SABTN,289.85,292.65,-0.0096,0.0127,0.0125,0.2388
16-FEB-2017,SADBHAV,277.75,275.55,0.0080,0.0120,0.0118,0.2254
16-FEB-2017,SADBHIN,94.65,96.50,-0.0194,0.0157,0.0159,0.3038
16-FEB-2017,SAGCEM,763.15,751.05,0.0160,0.0194,0.0192,0.3668
16-FEB-2017,SAIL,60.40,59.00,0.0235,0.0236,0.0236,0.4509
16-FEB-2017,SAKHTISUG,36.30,35.20,0.0308,0.0318,0.0317,0.6056
16-FEB-2017,SAKSOFT,272.85,272.00,0.0031,0.0331,0.0321,0.6133
16-FEB-2017,SAKUMA,61.30,60.55,0.0123,0.0314,0.0306,0.5846
16-FEB-2017,SALONA,50.50,46.10,0.0912,0.0479,0.0515,0.9839
16-FEB-2017,SALORAINTL,57.10,56.35,0.0132,0.0265,0.0259,0.4948
16-FEB-2017,SALSTEEL,5.75,5.50,0.0445,0.0447,0.0447,0.8540
16-FEB-2017,SALZERELEC,186.55,184.80,0.0094,0.0203,0.0198,0.3783
16-FEB-2017,SAMBHAAV,5.75,5.80,-0.0087,0.0311,0.0302,0.5770
16-FEB-2017,SAMTEL,0.55,0.55,0.0000,0.0436,0.0423,0.8081
16-FEB-2017,SANCO,130.00,131.00,-0.0077,0.0283,0.0275,0.5254
16-FEB-2017,SANDESH,866.85,866.25,0.0007,0.0168,0.0163,0.3114
16-FEB-2017,SANGAMIND,265.95,265.35,0.0023,0.0301,0.0292,0.5579
16-FEB-2017,SANGHIIND,62.75,62.35,0.0064,0.0238,0.0231,0.4413
16-FEB-2017,SANGHVIFOR,43.15,42.90,0.0058,0.0296,0.0287,0.5483
16-FEB-2017,SANGHVIMOV,231.90,233.15,-0.0054,0.0211,0.0205,0.3917
16-FEB-2017,SANOFI,4099.55,4099.40,0.0000,0.0087,0.0084,0.1605
16-FEB-2017,SANWARIA,9.05,9.10,-0.0055,0.0539,0.0523,0.9992
16-FEB-2017,SARDAEN,246.05,241.80,0.0174,0.0231,0.0228,0.4356
16-FEB-2017,SAREGAMA,211.25,213.75,-0.0118,0.0214,0.0209,0.3993
16-FEB-2017,SARLAPOLY,57.25,58.85,-0.0276,0.0274,0.0274,0.5235
16-FEB-2017,SASKEN,400.25,398.40,0.0046,0.0079,0.0077,0.1471
16-FEB-2017,SASTASUNDR,73.55,73.25,0.0041,0.0227,0.0220,0.4203
16-FEB-2017,SATHAISPAT,65.40,64.60,0.0123,0.0294,0.0287,0.5483
16-FEB-2017,SATIN,418.55,411.05,0.0181,0.0318,0.0311,0.5942
16-FEB-2017,SBBJ,742.75,717.50,0.0346,0.0134,0.0155,0.2961
16-FEB-2017,SBIN,270.50,268.95,0.0057,0.0141,0.0137,0.2617
16-FEB-2017,SBT,582.70,562.20,0.0358,0.0139,0.0161,0.3076
16-FEB-2017,SCHNEIDER,136.80,136.70,0.0007,0.0178,0.0173,0.3305
16-FEB-2017,SCI,63.05,62.80,0.0040,0.0192,0.0186,0.3554
16-FEB-2017,SDBL,127.30,124.00,0.0263,0.0218,0.0221,0.4222
16-FEB-2017,SEAMECLTD,86.10,83.85,0.0265,0.0228,0.0230,0.4394
16-FEB-2017,SEINV,178.15,177.55,0.0034,0.0214,0.0208,0.3974
16-FEB-2017,SELAN,183.00,180.95,0.0113,0.0145,0.0143,0.2732
16-FEB-2017,SELMCL,3.00,2.95,0.0168,0.0216,0.0213,0.4069
16-FEB-2017,SENSEXIWIN,293.64,293.64,0.0000,0.0070,0.0068,0.1299
16-FEB-2017,SEPOWER,14.00,14.70,-0.0488,0.0447,0.0450,0.8597
16-FEB-2017,SEQUENT,130.20,128.90,0.0100,0.0310,0.0302,0.5770
16-FEB-2017,SERVALL,3.25,3.40,-0.0451,0.0356,0.0362,0.6916
16-FEB-2017,SESHAPAPER,767.95,745.85,0.0292,0.0291,0.0291,0.5560
16-FEB-2017,SETCO,34.95,34.85,0.0029,0.0156,0.0151,0.2885
16-FEB-2017,SETF10GILT,157.10,157.10,0.0000,0.0259,0.0251,0.4795
16-FEB-2017,SETFGOLD,2690.65,2680.10,0.0039,0.0066,0.0065,0.1242
16-FEB-2017,SETFNIF50,89.40,88.90,0.0056,0.0069,0.0068,0.1299
16-FEB-2017,SETFNIFBK,205.53,204.64,0.0043,0.0093,0.0091,0.1739
16-FEB-2017,SETFNN50,244.00,241.55,0.0101,0.0126,0.0125,0.2388
16-FEB-2017,SEZAL,6.80,7.15,-0.0502,0.0347,0.0358,0.6840
16-FEB-2017,SFCL,102.65,102.00,0.0064,0.0160,0.0156,0.2980
16-FEB-2017,SFL,1059.35,1049.95,0.0089,0.0188,0.0184,0.3515
16-FEB-2017,SGFL,1.90,1.90,0.0000,0.0208,0.0202,0.3859
16-FEB-2017,SGJHL,3.70,3.85,-0.0397,0.0284,0.0292,0.5579
16-FEB-2017,SGL,15.35,14.15,0.0814,0.0301,0.0353,0.6744
16-FEB-2017,SHAHALLOYS,15.50,15.40,0.0065,0.0354,0.0344,0.6572
16-FEB-2017,SHAKTIPUMP,163.65,160.80,0.0176,0.0271,0.0266,0.5082
16-FEB-2017,SHALPAINTS,144.75,145.65,-0.0062,0.0253,0.0246,0.4700
16-FEB-2017,SHANTIGEAR,115.90,114.95,0.0082,0.0152,0.0149,0.2847
16-FEB-2017,SHARDACROP,461.55,464.55,-0.0065,0.0220,0.0214,0.4088
16-FEB-2017,SHARDAMOTR,1229.75,1224.35,0.0044,0.0192,0.0186,0.3554
16-FEB-2017,SHARIABEES,200.90,200.90,0.0000,0.0191,0.0185,0.3534
16-FEB-2017,SHARONBIO,8.40,8.55,-0.0177,0.0142,0.0144,0.2751
16-FEB-2017,SHEMAROO,407.55,399.15,0.0208,0.0193,0.0194,0.3706
16-FEB-2017,SHILPAMED,634.75,651.25,-0.0257,0.0282,0.0281,0.5368
16-FEB-2017,SHILPI,215.10,214.75,0.0016,0.0194,0.0188,0.3592
16-FEB-2017,SHIRPUR-G,96.95,97.35,-0.0041,0.0226,0.0219,0.4184
16-FEB-2017,SHIVAMAUTO,44.00,43.95,0.0011,0.0331,0.0321,0.6133
16-FEB-2017,SHIVTEX,279.90,286.15,-0.0221,0.0345,0.0339,0.6477
16-FEB-2017,SHK,309.20,308.90,0.0010,0.0179,0.0174,0.3324
16-FEB-2017,SHOPERSTOP,316.65,317.40,-0.0024,0.0194,0.0188,0.3592
16-FEB-2017,SHREECEM,15402.65,15418.50,-0.0010,0.0194,0.0188,0.3592
16-FEB-2017,SHREEPUSHK,177.50,174.30,0.0182,0.0256,0.0252,0.4814
16-FEB-2017,SHREERAMA,13.70,12.95,0.0563,0.0348,0.0364,0.6954
16-FEB-2017,SHRENUJ,2.20,2.20,0.0000,0.0323,0.0313,0.5980
16-FEB-2017,SHREYANIND,130.95,121.90,0.0716,0.0375,0.0404,0.7718
16-FEB-2017,SHREYAS,278.15,279.35,-0.0043,0.0480,0.0465,0.8884
16-FEB-2017,SHRIPISTON,1200.00,1181.00,0.0160,0.0255,0.0250,0.4776
16-FEB-2017,SHRIRAMCIT,1908.90,1900.10,0.0046,0.0210,0.0204,0.3897
16-FEB-2017,SHRIRAMEPC,28.25,27.90,0.0125,0.0220,0.0215,0.4108
16-FEB-2017,SHYAMCENT,7.55,7.65,-0.0132,0.0388,0.0378,0.7222
16-FEB-2017,SHYAMTEL,30.40,30.75,-0.0114,0.0219,0.0214,0.4088
16-FEB-2017,SICAGEN,25.75,25.35,0.0157,0.0252,0.0247,0.4719
16-FEB-2017,SICAL,250.60,247.30,0.0133,0.0312,0.0304,0.5808
16-FEB-2017,SIEMENS,1206.75,1201.55,0.0043,0.0143,0.0139,0.2656
16-FEB-2017,SIGNET,20.85,20.95,-0.0048,0.0327,0.0317,0.6056
16-FEB-2017,SIL,23.15,23.40,-0.0107,0.0201,0.0197,0.3764
16-FEB-2017,SILINV,122.20,121.15,0.0086,0.0184,0.0180,0.3439
16-FEB-2017,SIMBHALS,33.35,33.70,-0.0104,0.0371,0.0361,0.6897
16-FEB-2017,SIMPLEX,33.95,29.75,0.1321,0.0475,0.0563,1.0756
16-FEB-2017,SIMPLEXINF,315.15,310.65,0.0144,0.0236,0.0232,0.4432
16-FEB-2017,SINTEX,92.20,89.75,0.0269,0.0269,0.0269,0.5139
16-FEB-2017,SITASHREE,7.40,7.05,0.0485,0.0333,0.0344,0.6572
16-FEB-2017,SITINET,38.15,38.40,-0.0065,0.0147,0.0143,0.2732
16-FEB-2017,SIYSIL,1674.30,1670.35,0.0024,0.0195,0.0189,0.3611
16-FEB-2017,SJVN,35.75,35.70,0.0014,0.0205,0.0199,0.3802
16-FEB-2017,SKFINDIA,1435.05,1422.00,0.0091,0.0122,0.0120,0.2293
16-FEB-2017,SKIL,22.80,22.35,0.0199,0.0235,0.0233,0.4451
16-FEB-2017,SKIPPER,151.10,146.40,0.0316,0.0220,0.0227,0.4337
16-FEB-2017,SKMEGGPROD,80.70,79.15,0.0194,0.0587,0.0571,1.0909
16-FEB-2017,SMARTLINK,95.55,94.55,0.0105,0.0235,0.0229,0.4375
16-FEB-2017,SMLISUZU,1196.35,1186.15,0.0086,0.0182,0.0178,0.3401
16-FEB-2017,SMPL,2.60,2.55,0.0194,0.0364,0.0356,0.6801
16-FEB-2017,SMSPHARMA,89.85,90.25,-0.0044,0.0211,0.0205,0.3917
16-FEB-2017,SNOWMAN,55.95,57.35,-0.0247,0.0208,0.0211,0.4031
16-FEB-2017,SOBHA,286.60,285.30,0.0045,0.0111,0.0108,0.2063
16-FEB-2017,SOFTTECHGR,1.80,1.80,0.0000,0.0041,0.0040,0.0764
16-FEB-2017,SOLARINDS,726.40,723.10,0.0046,0.0143,0.0139,0.2656
16-FEB-2017,SOMANYCERA,614.25,618.40,-0.0067,0.0210,0.0204,0.3897
16-FEB-2017,SOMATEX,11.95,11.00,0.0828,0.0405,0.0442,0.8444
16-FEB-2017,SOMICONVEY,53.55,52.45,0.0208,0.0448,0.0437,0.8349
16-FEB-2017,SONASTEER,81.50,81.20,0.0037,0.0238,0.0231,0.4413
16-FEB-2017,SONATSOFTW,189.25,185.70,0.0189,0.0267,0.0263,0.5025
16-FEB-2017,SORILINFRA,92.05,92.95,-0.0097,0.0327,0.0318,0.6075
16-FEB-2017,SOTL,901.35,899.70,0.0018,0.0223,0.0216,0.4127
16-FEB-2017,SOUTHBANK,19.90,20.40,-0.0248,0.0153,0.0160,0.3057
16-FEB-2017,SPAL,409.10,395.30,0.0343,0.0220,0.0229,0.4375
16-FEB-2017,SPANCO,10.50,10.50,0.0000,0.0016,0.0016,0.0306
16-FEB-2017,SPARC,304.70,299.20,0.0182,0.0201,0.0200,0.3821
16-FEB-2017,SPCENET,1.80,1.85,-0.0274,0.0434,0.0426,0.8139
16-FEB-2017,SPECIALITY,75.00,74.55,0.0060,0.0181,0.0176,0.3362
16-FEB-2017,SPENTEX,3.60,3.75,-0.0408,0.0340,0.0344,0.6572
16-FEB-2017,SPHEREGSL,64.40,62.95,0.0228,0.0240,0.0239,0.4566
16-FEB-2017,SPIC,21.40,21.15,0.0118,0.0264,0.0258,0.4929
16-FEB-2017,SPICEMOBI,16.80,16.35,0.0272,0.0320,0.0317,0.6056
16-FEB-2017,SPLIL,26.15,25.20,0.0370,0.0242,0.0252,0.4814
16-FEB-2017,SPMLINFRA,62.85,59.70,0.0514,0.0364,0.0375,0.7164
16-FEB-2017,SPYL,0.70,0.65,0.0741,0.0628,0.0635,1.2132
16-FEB-2017,SQSBFSI,599.65,567.45,0.0552,0.0281,0.0304,0.5808
16-FEB-2017,SREEL,147.95,144.55,0.0232,0.0308,0.0304,0.5808
16-FEB-2017,SREINFRA,95.60,94.75,0.0089,0.0250,0.0243,0.4643
16-FEB-2017,SRF,1542.60,1529.25,0.0087,0.0259,0.0252,0.4814
16-FEB-2017,SRGINFOTEC,0.40,0.40,0.0000,0.1021,0.0990,1.8914
16-FEB-2017,SRHHYPOLTD,122.75,117.85,0.0407,0.0350,0.0354,0.6763
16-FEB-2017,SRIPIPES,309.45,302.60,0.0224,0.0251,0.0249,0.4757
16-FEB-2017,SRSLTD,5.70,5.60,0.0177,0.0557,0.0542,1.0355
16-FEB-2017,SRTRANSFIN,942.15,933.55,0.0092,0.0162,0.0159,0.3038
16-FEB-2017,SSWL,677.95,669.15,0.0131,0.0176,0.0174,0.3324
16-FEB-2017,STAMPEDE,22.15,22.50,-0.0157,0.0354,0.0345,0.6591
16-FEB-2017,STAR,1188.95,1163.95,0.0213,0.0228,0.0227,0.4337
16-FEB-2017,STARPAPER,186.60,187.35,-0.0040,0.0339,0.0329,0.6286
16-FEB-2017,STCINDIA,158.90,161.20,-0.0144,0.0404,0.0393,0.7508
16-FEB-2017,STEL,71.90,68.50,0.0484,0.0345,0.0355,0.6782
16-FEB-2017,STERLINBIO,4.50,4.45,0.0112,0.0501,0.0487,0.9304
16-FEB-2017,STERTOOLS,188.30,188.90,-0.0032,0.0205,0.0199,0.3802
16-FEB-2017,STINDIA,20.80,20.85,-0.0024,0.0532,0.0516,0.9858
16-FEB-2017,STRTECH,128.95,125.65,0.0259,0.0232,0.0234,0.4471
16-FEB-2017,SUBEX,10.75,10.65,0.0093,0.0370,0.0359,0.6859
16-FEB-2017,SUBROS,200.25,198.65,0.0080,0.0220,0.0214,0.4088
16-FEB-2017,SUDARSCHEM,350.85,340.10,0.0311,0.0364,0.0361,0.6897
16-FEB-2017,SUJANATWR,8.55,8.45,0.0118,0.0186,0.0183,0.3496
16-FEB-2017,SUJANAUNI,1.65,1.45,0.1292,0.0449,0.0538,1.0278
16-FEB-2017,SUMEETINDS,34.40,34.10,0.0088,0.0308,0.0299,0.5712
16-FEB-2017,SUMMITSEC,424.40,419.60,0.0114,0.0206,0.0202,0.3859
16-FEB-2017,SUNCLAYLTD,3420.00,3425.25,-0.0015,0.0175,0.0170,0.3248
16-FEB-2017,SUNDARAM,3.05,3.05,0.0000,0.0486,0.0471,0.8998
16-FEB-2017,SUNDARMFIN,1370.75,1369.50,0.0009,0.0139,0.0135,0.2579
16-FEB-2017,SUNDRMBRAK,396.70,398.10,-0.0035,0.0259,0.0251,0.4795
16-FEB-2017,SUNDRMFAST,338.30,335.20,0.0092,0.0173,0.0169,0.3229
16-FEB-2017,SUNFLAG,35.90,34.80,0.0311,0.0323,0.0322,0.6152
16-FEB-2017,SUNILHITEC,12.00,11.90,0.0084,0.0328,0.0319,0.6094
16-FEB-2017,SUNPHARMA,649.30,623.05,0.0413,0.0179,0.0201,0.3840
16-FEB-2017,SUNTECK,249.40,244.75,0.0188,0.0209,0.0208,0.3974
16-FEB-2017,SUNTV,723.50,720.90,0.0036,0.0460,0.0446,0.8521
16-FEB-2017,SUPERHOUSE,151.35,152.30,-0.0063,0.0188,0.0183,0.3496
16-FEB-2017,SUPERSPIN,13.10,12.90,0.0154,0.0236,0.0232,0.4432
16-FEB-2017,SUPPETRO,276.40,277.30,-0.0033,0.0273,0.0265,0.5063
16-FEB-2017,SUPRAJIT,207.75,204.35,0.0165,0.0187,0.0186,0.3554
16-FEB-2017,SUPREMEIND,1003.30,997.55,0.0057,0.0139,0.0135,0.2579
16-FEB-2017,SUPREMEINF,109.70,108.85,0.0078,0.0352,0.0342,0.6534
16-FEB-2017,SUPREMETEX,4.50,4.45,0.0112,0.0358,0.0348,0.6649
16-FEB-2017,SURANACORP,1.40,1.35,0.0364,0.0208,0.0220,0.4203
16-FEB-2017,SURANAIND,3.05,3.05,0.0000,0.0452,0.0438,0.8368
16-FEB-2017,SURANASOL,22.35,22.45,-0.0045,0.0189,0.0184,0.3515
16-FEB-2017,SURANAT&P,5.10,5.00,0.0198,0.0284,0.0280,0.5349
16-FEB-2017,SURYALAXMI,113.80,111.45,0.0209,0.0302,0.0297,0.5674
16-FEB-2017,SURYAROSNI,181.95,184.15,-0.0120,0.0142,0.0141,0.2694
16-FEB-2017,SUTLEJTEX,842.90,834.75,0.0097,0.0293,0.0285,0.5445
16-FEB-2017,SUVEN,174.30,171.10,0.0185,0.0169,0.0170,0.3248
16-FEB-2017,SUZLON,17.10,16.60,0.0297,0.0294,0.0294,0.5617
16-FEB-2017,SWANENERGY,153.95,150.20,0.0247,0.0458,0.0448,0.8559
16-FEB-2017,SWARAJENG,1384.25,1378.20,0.0044,0.0125,0.0122,0.2331
16-FEB-2017,SWELECTES,345.05,343.25,0.0052,0.0183,0.0178,0.3401
16-FEB-2017,SYMPHONY,1277.05,1268.10,0.0070,0.0238,0.0231,0.4413
16-FEB-2017,SYNCOM,6.10,6.00,0.0165,0.0238,0.0234,0.4471
16-FEB-2017,SYNDIBANK,68.40,67.75,0.0095,0.0206,0.0201,0.3840
16-FEB-2017,SYNGENE,494.70,475.60,0.0394,0.0174,0.0194,0.3706
16-FEB-2017,TAINWALCHM,44.70,46.00,-0.0287,0.0284,0.0284,0.5426
16-FEB-2017,TAJGVK,135.35,133.80,0.0115,0.0238,0.0232,0.4432
16-FEB-2017,TAKE,136.00,135.30,0.0052,0.0185,0.0180,0.3439
16-FEB-2017,TALBROAUTO,132.85,132.30,0.0041,0.0180,0.0175,0.3343
16-FEB-2017,TALWALKARS,218.10,221.55,-0.0157,0.0139,0.0140,0.2675
16-FEB-2017,TANLA,54.35,52.40,0.0365,0.0280,0.0286,0.5464
16-FEB-2017,TANTIACONS,21.10,21.10,0.0000,0.0476,0.0461,0.8807
16-FEB-2017,TARAJEWELS,41.90,41.15,0.0181,0.0330,0.0323,0.6171
16-FEB-2017,TARAPUR,7.90,7.85,0.0063,0.0646,0.0627,1.1979
16-FEB-2017,TARMAT,43.80,44.15,-0.0080,0.0223,0.0217,0.4146
16-FEB-2017,TATACHEM,567.10,551.30,0.0283,0.0145,0.0157,0.2999
16-FEB-2017,TATACOFFEE,119.70,117.50,0.0186,0.0202,0.0201,0.3840
16-FEB-2017,TATACOMM,742.10,730.50,0.0158,0.0210,0.0207,0.3955
16-FEB-2017,TATAELXSI,1465.80,1433.20,0.0225,0.0189,0.0191,0.3649
16-FEB-2017,TATAGLOBAL,140.10,138.75,0.0097,0.0184,0.0180,0.3439
16-FEB-2017,TATAINVEST,589.40,578.05,0.0194,0.0144,0.0148,0.2828
16-FEB-2017,TATAMETALI,443.85,433.00,0.0247,0.0290,0.0288,0.5502
16-FEB-2017,TATAMOTORS,446.00,436.45,0.0216,0.0317,0.0312,0.5961
16-FEB-2017,TATAMTRDVR,275.80,268.30,0.0276,0.0337,0.0334,0.6381
16-FEB-2017,TATAPOWER,83.15,81.70,0.0176,0.0133,0.0136,0.2598
16-FEB-2017,TATASPONGE,610.15,607.40,0.0045,0.0151,0.0147,0.2808
16-FEB-2017,TATASTEEL,469.95,460.10,0.0212,0.0171,0.0174,0.3324
16-FEB-2017,TBZ,67.75,67.65,0.0015,0.0249,0.0241,0.4604
16-FEB-2017,TCI,185.45,188.75,-0.0176,0.0270,0.0265,0.5063
16-FEB-2017,TCIDEVELOP,345.00,347.00,-0.0058,0.0203,0.0197,0.3764
16-FEB-2017,TCIEXP,296.75,294.65,0.0071,0.0173,0.0169,0.3229
16-FEB-2017,TCIFINANCE,26.30,25.85,0.0173,0.0303,0.0297,0.5674
16-FEB-2017,TCS,2447.75,2413.70,0.0140,0.0166,0.0165,0.3152
16-FEB-2017,TDPOWERSYS,161.25,163.35,-0.0129,0.0170,0.0168,0.3210
16-FEB-2017,TEAMLEASE,873.60,860.20,0.0155,0.0233,0.0229,0.4375
16-FEB-2017,TECHIN,4.30,4.30,0.0000,0.0429,0.0416,0.7948
16-FEB-2017,TECHM,504.50,495.65,0.0177,0.0181,0.0181,0.3458
16-FEB-2017,TECHNO,369.70,372.85,-0.0085,0.0175,0.0171,0.3267
16-FEB-2017,TECHNOFAB,194.90,194.25,0.0033,0.0240,0.0233,0.4451
16-FEB-2017,TERASOFT,95.40,91.20,0.0450,0.0396,0.0399,0.7623
16-FEB-2017,TEXINFRA,42.05,41.80,0.0060,0.0208,0.0202,0.3859
16-FEB-2017,TEXMOPIPES,20.15,20.65,-0.0245,0.0447,0.0438,0.8368
16-FEB-2017,TEXRAIL,89.00,89.90,-0.0101,0.0197,0.0193,0.3687
16-FEB-2017,TFCILTD,57.95,56.85,0.0192,0.0230,0.0228,0.4356
16-FEB-2017,TFL,11.10,11.40,-0.0267,0.0525,0.0513,0.9801
16-FEB-2017,TGBHOTELS,61.15,61.20,-0.0008,0.0307,0.0298,0.5693
16-FEB-2017,THANGAMAYL,190.70,185.55,0.0274,0.0315,0.0313,0.5980
16-FEB-2017,THEMISMED,583.00,571.65,0.0197,0.0167,0.0169,0.3229
16-FEB-2017,THERMAX,847.30,843.10,0.0050,0.0156,0.0152,0.2904
16-FEB-2017,THIRUSUGAR,64.05,62.15,0.0301,0.0479,0.0470,0.8979
16-FEB-2017,THOMASCOOK,194.95,197.75,-0.0143,0.0123,0.0124,0.2369
16-FEB-2017,THOMASCOTT,15.00,14.70,0.0202,0.0342,0.0335,0.6400
16-FEB-2017,THYROCARE,704.35,698.30,0.0086,0.0120,0.0118,0.2254
16-FEB-2017,TI,15.00,14.60,0.0270,0.0115,0.0130,0.2484
16-FEB-2017,TIDEWATER,5987.95,5910.40,0.0130,0.0178,0.0176,0.3362
16-FEB-2017,TIIL,430.45,444.30,-0.0317,0.0183,0.0194,0.3706
16-FEB-2017,TIJARIA,7.75,7.60,0.0195,0.0489,0.0477,0.9113
16-FEB-2017,TIL,296.15,295.10,0.0036,0.0282,0.0274,0.5235
16-FEB-2017,TIMESGTY,33.15,31.60,0.0479,0.0360,0.0368,0.7031
16-FEB-2017,TIMETECHNO,92.90,93.25,-0.0038,0.0192,0.0186,0.3554
16-FEB-2017,TIMKEN,612.55,617.20,-0.0076,0.0194,0.0189,0.3611
16-FEB-2017,TINPLATE,79.90,79.35,0.0069,0.0202,0.0197,0.3764
16-FEB-2017,TIPSINDLTD,59.15,59.75,-0.0101,0.0302,0.0294,0.5617
16-FEB-2017,TIRUMALCHM,829.65,819.25,0.0126,0.0301,0.0293,0.5598
16-FEB-2017,TITAN,424.00,412.45,0.0276,0.0265,0.0266,0.5082
16-FEB-2017,TMRVL,189.85,186.05,0.0202,0.0290,0.0285,0.5445
16-FEB-2017,TNPETRO,31.30,30.85,0.0145,0.0404,0.0393,0.7508
16-FEB-2017,TNPL,349.85,340.00,0.0286,0.0163,0.0173,0.3305
16-FEB-2017,TNTELE,3.50,3.35,0.0438,0.0272,0.0285,0.5445
16-FEB-2017,TODAYS,2.95,2.95,0.0000,0.0170,0.0165,0.3152
16-FEB-2017,TOKYOPLAST,103.20,101.95,0.0122,0.0320,0.0312,0.5961
16-FEB-2017,TORNTPHARM,1253.85,1231.40,0.0181,0.0133,0.0136,0.2598
16-FEB-2017,TORNTPOWER,204.20,201.10,0.0153,0.0214,0.0211,0.4031
16-FEB-2017,TPLPLASTEH,459.85,469.85,-0.0215,0.0358,0.0351,0.6706
16-FEB-2017,TREEHOUSE,21.25,20.75,0.0238,0.0407,0.0399,0.7623
16-FEB-2017,TRENT,247.00,247.80,-0.0032,0.0336,0.0326,0.6228
16-FEB-2017,TRF,192.85,192.30,0.0029,0.0171,0.0166,0.3171
16-FEB-2017,TRICOM,1.10,1.05,0.0465,0.0472,0.0472,0.9018
16-FEB-2017,TRIDENT,69.60,67.10,0.0366,0.0259,0.0267,0.5101
16-FEB-2017,TRIGYN,104.35,104.80,-0.0043,0.0234,0.0227,0.4337
16-FEB-2017,TRIL,356.75,360.85,-0.0114,0.0302,0.0294,0.5617
16-FEB-2017,TRITURBINE,124.10,123.40,0.0057,0.0184,0.0179,0.3420
16-FEB-2017,TRIVENI,70.40,69.30,0.0157,0.0353,0.0344,0.6572
16-FEB-2017,TTKHLTCARE,861.10,857.60,0.0041,0.0127,0.0124,0.2369
16-FEB-2017,TTKPRESTIG,5409.45,5516.60,-0.0196,0.0146,0.0149,0.2847
16-FEB-2017,TTL,52.30,51.45,0.0164,0.0292,0.0286,0.5464
16-FEB-2017,TTML,6.00,6.00,0.0000,0.0246,0.0239,0.4566
16-FEB-2017,TUBEINVEST,624.65,610.10,0.0236,0.0110,0.0121,0.2312
16-FEB-2017,TULSI,4.00,3.90,0.0253,0.0280,0.0278,0.5311
16-FEB-2017,TV18BRDCST,39.00,39.10,-0.0026,0.0222,0.0215,0.4108
16-FEB-2017,TVSELECT,178.45,182.30,-0.0213,0.0311,0.0306,0.5846
16-FEB-2017,TVSMOTOR,422.40,410.35,0.0289,0.0160,0.0171,0.3267
16-FEB-2017,TVSSRICHAK,3076.60,3062.80,0.0045,0.0161,0.0156,0.2980
16-FEB-2017,TVTODAY,268.65,268.80,-0.0006,0.0171,0.0166,0.3171
16-FEB-2017,TVVISION,287.55,285.25,0.0080,0.0168,0.0164,0.3133
16-FEB-2017,TWL,101.30,99.45,0.0184,0.0229,0.0227,0.4337
16-FEB-2017,UBHOLDINGS,29.35,32.60,-0.1050,0.0351,0.0427,0.8158
16-FEB-2017,UBL,784.40,785.15,-0.0010,0.0137,0.0133,0.2541
16-FEB-2017,UCALFUEL,181.20,182.95,-0.0096,0.0231,0.0225,0.4299
16-FEB-2017,UCOBANK,36.15,36.05,0.0028,0.0185,0.0179,0.3420
16-FEB-2017,UFLEX,263.25,256.60,0.0256,0.0199,0.0203,0.3878
16-FEB-2017,UFO,407.25,405.30,0.0048,0.0199,0.0193,0.3687
16-FEB-2017,UGARSUGAR,34.70,32.80,0.0563,0.0392,0.0404,0.7718
16-FEB-2017,UJAAS,45.35,43.40,0.0440,0.0316,0.0325,0.6209
16-FEB-2017,UJJIVAN,431.95,410.95,0.0498,0.0295,0.0311,0.5942
16-FEB-2017,ULTRACEMCO,3714.25,3678.15,0.0098,0.0143,0.0141,0.2694
16-FEB-2017,UMANGDAIRY,73.85,73.65,0.0027,0.0206,0.0200,0.3821
16-FEB-2017,UMESLTD,2.95,2.95,0.0000,0.0246,0.0239,0.4566
16-FEB-2017,UNICHEMLAB,271.40,270.35,0.0039,0.0143,0.0139,0.2656
16-FEB-2017,UNIENTER,68.95,67.70,0.0183,0.0224,0.0222,0.4241
16-FEB-2017,UNIONBANK,141.65,141.45,0.0014,0.0337,0.0327,0.6247
16-FEB-2017,UNIPLY,280.40,273.15,0.0262,0.0286,0.0285,0.5445
16-FEB-2017,UNITECH,5.85,5.75,0.0172,0.0514,0.0500,0.9552
16-FEB-2017,UNITEDBNK,24.65,24.65,0.0000,0.0347,0.0336,0.6419
16-FEB-2017,UNITEDTEA,316.00,317.45,-0.0046,0.0392,0.0380,0.7260
16-FEB-2017,UNITY,8.65,8.45,0.0234,0.0330,0.0325,0.6209
16-FEB-2017,UNIVCABLES,98.90,96.65,0.0230,0.0457,0.0447,0.8540
16-FEB-2017,UPERGANGES,358.55,348.25,0.0291,0.0322,0.0320,0.6114
16-FEB-2017,UPL,699.90,709.10,-0.0131,0.0159,0.0157,0.2999
16-FEB-2017,USHAMART,17.95,17.65,0.0169,0.0369,0.0360,0.6878
16-FEB-2017,USHERAGRO,11.10,11.20,-0.0090,0.0268,0.0261,0.4986
16-FEB-2017,UTINIFTETF,898.60,897.00,0.0018,0.0075,0.0073,0.1395
16-FEB-2017,UTISENSETF,287.65,288.65,-0.0035,0.0073,0.0071,0.1356
16-FEB-2017,UTTAMSTL,30.60,30.40,0.0066,0.0267,0.0259,0.4948
16-FEB-2017,UTTAMSUGAR,90.55,92.40,-0.0202,0.0456,0.0445,0.8502
16-FEB-2017,UVSL,0.85,0.80,0.0606,0.1000,0.0981,1.8742
16-FEB-2017,V2RETAIL,182.25,173.30,0.0504,0.0349,0.0360,0.6878
16-FEB-2017,VADILALIND,682.40,652.40,0.0450,0.0315,0.0325,0.6209
16-FEB-2017,VAIBHAVGBL,419.50,422.25,-0.0065,0.0561,0.0544,1.0393
16-FEB-2017,VAKRANGEE,310.65,308.70,0.0063,0.0122,0.0119,0.2273
16-FEB-2017,VALUEIND,12.65,12.15,0.0403,0.0307,0.0314,0.5999
16-FEB-2017,VARDHACRLC,46.45,46.95,-0.0107,0.0136,0.0134,0.2560
16-FEB-2017,VARDMNPOLY,71.15,70.70,0.0063,0.0403,0.0391,0.7470
16-FEB-2017,VASCONEQ,33.10,32.05,0.0322,0.0305,0.0306,0.5846
16-FEB-2017,VASWANI,10.80,10.70,0.0093,0.0365,0.0355,0.6782
16-FEB-2017,VBL,401.25,403.40,-0.0053,0.0123,0.0120,0.2293
16-FEB-2017,VEDL,263.20,247.65,0.0609,0.0217,0.0258,0.4929
16-FEB-2017,VENKEYS,828.40,800.80,0.0339,0.0557,0.0546,1.0431
16-FEB-2017,VENUSREM,95.50,95.50,0.0000,0.0222,0.0215,0.4108
16-FEB-2017,VESUVIUS,1223.35,1203.65,0.0162,0.0125,0.0128,0.2445
16-FEB-2017,VETO,131.80,129.45,0.0180,0.0190,0.0189,0.3611
16-FEB-2017,VGUARD,214.30,207.05,0.0344,0.0209,0.0219,0.4184
16-FEB-2017,VHL,2441.90,2373.35,0.0285,0.0245,0.0248,0.4738
16-FEB-2017,VICEROY,19.75,19.50,0.0127,0.0247,0.0241,0.4604
16-FEB-2017,VIDEOIND,103.75,103.80,-0.0005,0.0019,0.0018,0.0344
16-FEB-2017,VIDHIDYE,52.00,51.55,0.0087,0.0248,0.0241,0.4604
16-FEB-2017,VIJAYABANK,64.95,64.15,0.0124,0.0396,0.0385,0.7355
16-FEB-2017,VIJIFIN,9.30,9.45,-0.0160,0.0422,0.0411,0.7852
16-FEB-2017,VIJSHAN,12.15,12.35,-0.0163,0.0530,0.0515,0.9839
16-FEB-2017,VIKASECO,18.15,17.40,0.0422,0.0305,0.0313,0.5980
16-FEB-2017,VIMALOIL,43.85,43.55,0.0069,0.0329,0.0319,0.6094
16-FEB-2017,VIMTALABS,108.05,108.30,-0.0023,0.0227,0.0220,0.4203
16-FEB-2017,VINATIORGA,729.95,725.95,0.0055,0.0188,0.0183,0.3496
16-FEB-2017,VINDHYATEL,610.50,599.80,0.0177,0.0222,0.0220,0.4203
16-FEB-2017,VINYLINDIA,62.95,62.60,0.0056,0.0235,0.0228,0.4356
16-FEB-2017,VIPCLOTHNG,51.30,51.40,-0.0019,0.0267,0.0259,0.4948
16-FEB-2017,VIPIND,149.10,145.05,0.0275,0.0236,0.0239,0.4566
16-FEB-2017,VIPULLTD,72.50,69.30,0.0451,0.0332,0.0340,0.6496
16-FEB-2017,VISAKAIND,217.50,212.05,0.0254,0.0204,0.0207,0.3955
16-FEB-2017,VISASTEEL,20.80,20.00,0.0392,0.0391,0.0391,0.7470
16-FEB-2017,VISESHINFO,0.15,0.20,-0.2877,0.1623,0.1724,3.2937
16-FEB-2017,VISHNU,288.50,281.30,0.0253,0.0237,0.0238,0.4547
16-FEB-2017,VISUINTL,0.80,0.80,0.0000,0.0247,0.0239,0.4566
16-FEB-2017,VIVIDHA,2.35,2.35,0.0000,0.0622,0.0603,1.1520
16-FEB-2017,VIVIMEDLAB,105.50,102.10,0.0328,0.0267,0.0271,0.5177
16-FEB-2017,VKSPL,0.15,0.15,0.0000,0.2456,0.2381,4.5489
16-FEB-2017,VLSFINANCE,55.25,53.90,0.0247,0.0284,0.0282,0.5388
16-FEB-2017,VMART,720.90,670.40,0.0726,0.0311,0.0350,0.6687
16-FEB-2017,VOLTAMP,938.75,937.80,0.0010,0.0183,0.0177,0.3382
16-FEB-2017,VOLTAS,345.05,339.30,0.0168,0.0177,0.0176,0.3362
16-FEB-2017,VRLLOG,295.20,295.00,0.0007,0.0165,0.0160,0.3057
16-FEB-2017,VSSL,119.80,116.15,0.0309,0.0413,0.0408,0.7795
16-FEB-2017,VSTIND,2757.80,2729.25,0.0104,0.0148,0.0146,0.2789
16-FEB-2017,VSTTILLERS,1897.10,1868.30,0.0153,0.0160,0.0160,0.3057
16-FEB-2017,VTL,1299.85,1296.15,0.0029,0.0137,0.0133,0.2541
16-FEB-2017,WABAG,492.40,486.55,0.0120,0.0098,0.0099,0.1891
16-FEB-2017,WABCOINDIA,5588.30,5423.10,0.0300,0.0207,0.0214,0.4088
16-FEB-2017,WALCHANNAG,143.25,143.45,-0.0014,0.0180,0.0175,0.3343
16-FEB-2017,WANBURY,63.50,66.80,-0.0507,0.0365,0.0375,0.7164
16-FEB-2017,WEBELSOLAR,57.30,57.50,-0.0035,0.0435,0.0422,0.8062
16-FEB-2017,WEIZFOREX,240.20,241.05,-0.0035,0.0407,0.0395,0.7546
16-FEB-2017,WEIZMANIND,29.45,28.50,0.0328,0.0224,0.0232,0.4432
16-FEB-2017,WELCORP,82.35,79.55,0.0346,0.0268,0.0273,0.5216
16-FEB-2017,WELENT,67.65,63.00,0.0712,0.0139,0.0220,0.4203
16-FEB-2017,WELINV,83.00,82.70,0.0036,0.0251,0.0244,0.4662
16-FEB-2017,WELSPUNIND,91.40,89.80,0.0177,0.0320,0.0313,0.5980
16-FEB-2017,WENDT,1864.85,1895.25,-0.0162,0.0111,0.0115,0.2197
16-FEB-2017,WHEELS,1241.10,1254.70,-0.0109,0.0137,0.0135,0.2579
16-FEB-2017,WHIRLPOOL,999.70,963.90,0.0365,0.0219,0.0230,0.4394
16-FEB-2017,WILLAMAGOR,67.65,66.10,0.0232,0.0334,0.0329,0.6286
16-FEB-2017,WINDMACHIN,45.65,45.40,0.0055,0.0228,0.0221,0.4222
16-FEB-2017,WINSOME,1.95,1.90,0.0260,0.0190,0.0195,0.3725
16-FEB-2017,WIPRO,480.80,474.70,0.0128,0.0092,0.0095,0.1815
16-FEB-2017,WOCKPHARMA,684.15,659.50,0.0367,0.0193,0.0208,0.3974
16-FEB-2017,WONDERLA,366.45,372.25,-0.0157,0.0149,0.0149,0.2847
16-FEB-2017,WSI,8.45,8.80,-0.0406,0.0274,0.0284,0.5426
16-FEB-2017,WSTCSTPAPR,160.70,154.80,0.0374,0.0346,0.0348,0.6649
16-FEB-2017,XCHANGING,51.45,50.80,0.0127,0.0318,0.0310,0.5923
16-FEB-2017,XLENERGY,3.20,2.90,0.0984,0.0613,0.0641,1.2246
16-FEB-2017,XPROINDIA,46.15,45.35,0.0175,0.0168,0.0168,0.3210
16-FEB-2017,YESBANK,1436.95,1430.95,0.0042,0.0159,0.0154,0.2942
16-FEB-2017,ZANDUREALT,1230.70,1224.90,0.0047,0.0160,0.0156,0.2980
16-FEB-2017,ZEEL,518.50,520.70,-0.0042,0.0173,0.0168,0.3210
16-FEB-2017,ZEELEARN,45.45,44.55,0.0200,0.0202,0.0202,0.3859
16-FEB-2017,ZEEMEDIA,35.45,35.30,0.0042,0.0185,0.0180,0.3439
16-FEB-2017,ZENITHBIR,0.75,0.75,0.0000,0.0545,0.0528,1.0087
16-FEB-2017,ZENITHEXPO,47.90,47.90,0.0000,0.0019,0.0018,0.0344
16-FEB-2017,ZENITHINFO,2.60,2.60,0.0000,0.0016,0.0016,0.0306
16-FEB-2017,ZENSARTECH,941.85,935.00,0.0073,0.0118,0.0116,0.2216
16-FEB-2017,ZENTEC,71.00,70.35,0.0092,0.0369,0.0358,0.6840
16-FEB-2017,ZICOM,40.05,40.65,-0.0149,0.0329,0.0321,0.6133
16-FEB-2017,ZODIACLOTH,188.25,189.45,-0.0064,0.0211,0.0205,0.3917
16-FEB-2017,ZODJRDMKJ,35.00,35.00,0.0000,0.0304,0.0295,0.5636
16-FEB-2017,ZUARI,324.35,316.35,0.0250,0.0396,0.0389,0.7432
16-FEB-2017,ZUARIGLOB,113.75,113.15,0.0053,0.0308,0.0299,0.5712
16-FEB-2017,ZYDUSWELL,823.40,821.75,0.0020,0.0109,0.0106,0.2025
16-FEB-2017,ZYLOG,4.95,4.95,0.0000,0.0353,0.0342,0.6534
