Date,Symbol,Underlying Close Price (A),Underlying Previous Day Close Price (B),Underlying Log Returns (C) = LN(A/B),Previous Day Underlying Volatility (D),Current Day Underlying Daily Volatility (E) = Sqrt(0.94*D*D + 0.06*C*C),Underlying Annualised Volatility (F) = E*Sqrt(365)
27-APR-2016,20MICRONS,32.40,32.05,0.0109,0.0340,0.0331,0.6324
27-APR-2016,3IINFOTECH,4.35,4.25,0.0233,0.0243,0.0242,0.4623
27-APR-2016,3MINDIA,13424.65,13557.65,-0.0099,0.0370,0.0360,0.6878
27-APR-2016,8KMILES,2145.00,2043.30,0.0486,0.0322,0.0334,0.6381
27-APR-2016,A2ZINFRA,26.20,26.65,-0.0170,0.0435,0.0424,0.8101
27-APR-2016,AARTIDRUGS,470.40,470.30,0.0002,0.0119,0.0115,0.2197
27-APR-2016,AARTIIND,526.20,527.90,-0.0032,0.0233,0.0226,0.4318
27-APR-2016,AARVEEDEN,55.25,54.85,0.0073,0.0278,0.0270,0.5158
27-APR-2016,ABAN,213.40,188.75,0.1227,0.0219,0.0368,0.7031
27-APR-2016,ABB,1273.55,1289.00,-0.0121,0.0219,0.0214,0.4088
27-APR-2016,ABBOTINDIA,4675.65,4639.70,0.0077,0.0144,0.0141,0.2694
27-APR-2016,ABFRL,149.45,150.65,-0.0080,0.0339,0.0329,0.6286
27-APR-2016,ABGSHIP,46.65,45.50,0.0250,0.0555,0.0542,1.0355
27-APR-2016,ABHISHEK,4.50,4.50,0.0000,0.0016,0.0016,0.0306
27-APR-2016,ABIRLANUVO,864.75,869.85,-0.0059,0.0178,0.0173,0.3305
27-APR-2016,ACC,1429.55,1426.90,0.0019,0.0148,0.0144,0.2751
27-APR-2016,ACCELYA,930.00,929.25,0.0008,0.0152,0.0147,0.2808
27-APR-2016,ACE,39.60,39.55,0.0013,0.0249,0.0241,0.4604
27-APR-2016,ACROPETAL,3.00,2.80,0.0690,0.0421,0.0442,0.8444
27-APR-2016,ADANIENT,85.75,84.25,0.0176,0.0277,0.0272,0.5197
27-APR-2016,ADANIPORTS,241.25,229.10,0.0517,0.0234,0.0260,0.4967
27-APR-2016,ADANIPOWER,32.30,32.75,-0.0138,0.0272,0.0266,0.5082
27-APR-2016,ADANITRANS,32.25,32.95,-0.0215,0.0261,0.0258,0.4929
27-APR-2016,ADFFOODS,90.00,83.40,0.0762,0.0260,0.0314,0.5999
27-APR-2016,ADHUNIK,12.20,12.45,-0.0203,0.0326,0.0320,0.6114
27-APR-2016,ADI,295.20,302.05,-0.0229,0.0355,0.0349,0.6668
27-APR-2016,ADLABS,87.40,88.25,-0.0097,0.0254,0.0247,0.4719
27-APR-2016,ADORWELD,303.30,301.30,0.0066,0.0255,0.0248,0.4738
27-APR-2016,ADSL,43.85,44.10,-0.0057,0.0311,0.0302,0.5770
27-APR-2016,ADVANIHOTR,48.20,48.05,0.0031,0.0198,0.0192,0.3668
27-APR-2016,ADVANTA,517.90,515.25,0.0051,0.0194,0.0189,0.3611
27-APR-2016,AEGISCHEM,116.95,119.10,-0.0182,0.0314,0.0308,0.5884
27-APR-2016,AFL,63.15,63.30,-0.0024,0.0376,0.0365,0.6973
27-APR-2016,AGARIND,137.80,139.20,-0.0101,0.0219,0.0214,0.4088
27-APR-2016,AGCNET,69.05,68.55,0.0073,0.0298,0.0289,0.5521
27-APR-2016,AGRITECH,7.50,7.50,0.0000,0.0354,0.0343,0.6553
27-APR-2016,AGRODUTCH,2.75,2.70,0.0183,0.0365,0.0357,0.6820
27-APR-2016,AHLEAST,143.50,145.05,-0.0107,0.0295,0.0287,0.5483
27-APR-2016,AHLUCONT,290.30,294.40,-0.0140,0.0280,0.0274,0.5235
27-APR-2016,AHLWEST,124.00,124.00,0.0000,0.0263,0.0255,0.4872
27-APR-2016,AIAENG,992.90,978.50,0.0146,0.0206,0.0203,0.3878
27-APR-2016,AICHAMP,27.25,27.25,0.0000,0.0234,0.0227,0.4337
27-APR-2016,AIFL,260.45,263.65,-0.0122,0.0203,0.0199,0.3802
27-APR-2016,AIL,635.40,629.85,0.0088,0.0165,0.0161,0.3076
27-APR-2016,AJANTPHARM,1532.40,1543.10,-0.0070,0.0197,0.0192,0.3668
27-APR-2016,AJMERA,165.80,163.85,0.0118,0.0363,0.0353,0.6744
27-APR-2016,AKSHOPTFBR,14.55,14.50,0.0034,0.0244,0.0237,0.4528
27-APR-2016,AKZOINDIA,1338.65,1318.75,0.0150,0.0175,0.0174,0.3324
27-APR-2016,ALANKIT,108.55,107.85,0.0065,0.0259,0.0252,0.4814
27-APR-2016,ALBK,59.60,60.05,-0.0075,0.0267,0.0260,0.4967
27-APR-2016,ALCHEM,26.75,29.45,-0.0962,0.0632,0.0656,1.2533
27-APR-2016,ALEMBICLTD,38.05,39.25,-0.0311,0.0220,0.0226,0.4318
27-APR-2016,ALICON,343.90,339.60,0.0126,0.0290,0.0283,0.5407
27-APR-2016,ALKALI,54.35,53.75,0.0111,0.0327,0.0318,0.6075
27-APR-2016,ALKEM,1211.45,1221.80,-0.0085,0.0172,0.0168,0.3210
27-APR-2016,ALKYLAMINE,311.50,312.85,-0.0043,0.0158,0.0154,0.2942
27-APR-2016,ALLCARGO,157.35,157.10,0.0016,0.0187,0.0181,0.3458
27-APR-2016,ALLSEC,152.75,138.90,0.0950,0.0348,0.0410,0.7833
27-APR-2016,ALMONDZ,12.50,13.05,-0.0431,0.0519,0.0514,0.9820
27-APR-2016,ALOKTEXT,4.60,4.70,-0.0215,0.0374,0.0366,0.6992
27-APR-2016,ALPA,32.65,33.85,-0.0361,0.0356,0.0356,0.6801
27-APR-2016,ALPHAGEO,612.70,591.65,0.0350,0.0298,0.0301,0.5751
27-APR-2016,ALPSINDUS,4.95,4.90,0.0102,0.0432,0.0420,0.8024
27-APR-2016,ALSTOMT&D,376.05,379.30,-0.0086,0.0245,0.0238,0.4547
27-APR-2016,AMARAJABAT,941.10,949.20,-0.0086,0.0169,0.0165,0.3152
27-APR-2016,AMBIKCO,865.65,861.85,0.0044,0.0191,0.0185,0.3534
27-APR-2016,AMBUJACEM,225.30,224.45,0.0038,0.0158,0.0153,0.2923
27-APR-2016,AMDIND,30.90,30.90,0.0000,0.0454,0.0440,0.8406
27-APR-2016,AMRUTANJAN,435.60,433.30,0.0053,0.0166,0.0161,0.3076
27-APR-2016,AMTEKAUTO,42.65,41.40,0.0297,0.0473,0.0464,0.8865
27-APR-2016,AMTL,28.70,28.00,0.0247,0.0387,0.0380,0.7260
27-APR-2016,ANANDAMRUB,16.00,15.25,0.0480,0.0358,0.0366,0.6992
27-APR-2016,ANANTRAJ,35.75,35.25,0.0141,0.0215,0.0211,0.4031
27-APR-2016,ANDHRABANK,55.65,55.95,-0.0054,0.0228,0.0221,0.4222
27-APR-2016,ANDHRACEMT,7.80,7.90,-0.0127,0.0407,0.0396,0.7566
27-APR-2016,ANDHRSUGAR,139.05,140.65,-0.0114,0.0280,0.0273,0.5216
27-APR-2016,ANGIND,21.80,21.70,0.0046,0.0699,0.0678,1.2953
27-APR-2016,ANIKINDS,34.00,34.00,0.0000,0.0356,0.0345,0.6591
27-APR-2016,ANKITMETAL,1.75,1.90,-0.0822,0.0359,0.0402,0.7680
27-APR-2016,ANSALAPI,18.95,19.05,-0.0053,0.0271,0.0263,0.5025
27-APR-2016,ANSALHSG,20.75,20.90,-0.0072,0.0232,0.0226,0.4318
27-APR-2016,ANTGRAPHIC,1.00,1.00,0.0000,0.0577,0.0559,1.0680
27-APR-2016,APARINDS,479.00,480.75,-0.0036,0.0151,0.0147,0.2808
27-APR-2016,APCOTEXIND,277.45,278.90,-0.0052,0.0435,0.0422,0.8062
27-APR-2016,APLAPOLLO,818.15,814.40,0.0046,0.0248,0.0241,0.4604
27-APR-2016,APLLTD,619.40,613.65,0.0093,0.0223,0.0217,0.4146
27-APR-2016,APOLLOHOSP,1316.80,1326.05,-0.0070,0.0143,0.0140,0.2675
27-APR-2016,APOLLOTYRE,166.45,162.80,0.0222,0.0197,0.0199,0.3802
27-APR-2016,APOLSINHOT,215.00,205.00,0.0476,0.0278,0.0294,0.5617
27-APR-2016,APTECHT,62.20,63.35,-0.0183,0.0182,0.0182,0.3477
27-APR-2016,ARCHIDPLY,49.25,50.40,-0.0231,0.0261,0.0259,0.4948
27-APR-2016,ARCHIES,25.35,25.30,0.0020,0.0331,0.0321,0.6133
27-APR-2016,ARCOTECH,371.55,376.05,-0.0120,0.0173,0.0170,0.3248
27-APR-2016,ARIES,115.80,113.75,0.0179,0.0311,0.0305,0.5827
27-APR-2016,ARIHANT,41.00,41.00,0.0000,0.0457,0.0443,0.8464
27-APR-2016,AROGRANITE,44.25,44.70,-0.0101,0.0308,0.0300,0.5731
27-APR-2016,ARROWCOAT,642.10,634.50,0.0119,0.0329,0.0320,0.6114
27-APR-2016,ARROWTEX,34.05,34.25,-0.0059,0.0357,0.0346,0.6610
27-APR-2016,ARSHIYA,28.10,27.75,0.0125,0.0333,0.0324,0.6190
27-APR-2016,ARSSINFRA,39.80,39.75,0.0013,0.0431,0.0418,0.7986
27-APR-2016,ARVIND,291.25,284.95,0.0219,0.0201,0.0202,0.3859
27-APR-2016,ARVINFRA,90.15,91.80,-0.0181,0.0330,0.0323,0.6171
27-APR-2016,ASAHIINDIA,162.05,162.55,-0.0031,0.0206,0.0200,0.3821
27-APR-2016,ASAHISONG,145.70,147.60,-0.0130,0.0258,0.0252,0.4814
27-APR-2016,ASAL,38.45,38.05,0.0105,0.0278,0.0271,0.5177
27-APR-2016,ASHAPURMIN,74.95,75.65,-0.0093,0.0309,0.0300,0.5731
27-APR-2016,ASHIANA,164.70,162.80,0.0116,0.0286,0.0279,0.5330
27-APR-2016,ASHIMASYN,11.70,12.25,-0.0459,0.0302,0.0314,0.5999
27-APR-2016,ASHOKA,140.60,140.15,0.0032,0.0454,0.0440,0.8406
27-APR-2016,ASHOKLEY,107.95,106.80,0.0107,0.0178,0.0175,0.3343
27-APR-2016,ASIANHOTNR,109.05,110.00,-0.0087,0.0261,0.0254,0.4853
27-APR-2016,ASIANPAINT,889.85,876.90,0.0147,0.0133,0.0134,0.2560
27-APR-2016,ASIANTILES,157.30,156.00,0.0083,0.0268,0.0261,0.4986
27-APR-2016,ASIL,1.45,1.45,0.0000,0.0016,0.0016,0.0306
27-APR-2016,ASSAMCO,6.30,6.40,-0.0157,0.0413,0.0402,0.7680
27-APR-2016,ASTEC,220.50,223.80,-0.0149,0.0245,0.0240,0.4585
27-APR-2016,ASTRAL,440.70,435.00,0.0130,0.0156,0.0155,0.2961
27-APR-2016,ASTRAMICRO,124.15,122.30,0.0150,0.0261,0.0256,0.4891
27-APR-2016,ASTRAZEN,1160.00,1170.95,-0.0094,0.0151,0.0148,0.2828
27-APR-2016,ATFL,467.00,479.25,-0.0259,0.0167,0.0174,0.3324
27-APR-2016,ATLANTA,32.60,32.75,-0.0046,0.0223,0.0216,0.4127
27-APR-2016,ATLASCYCLE,218.65,207.75,0.0511,0.0273,0.0293,0.5598
27-APR-2016,ATNINTER,0.50,0.50,0.0000,0.0748,0.0725,1.3851
27-APR-2016,ATUL,1825.50,1779.95,0.0253,0.0184,0.0189,0.3611
27-APR-2016,ATULAUTO,537.80,538.70,-0.0017,0.0216,0.0209,0.3993
27-APR-2016,AURIONPRO,145.75,146.20,-0.0031,0.0331,0.0321,0.6133
27-APR-2016,AUROPHARMA,764.90,775.60,-0.0139,0.0193,0.0190,0.3630
27-APR-2016,AUSOMENT,23.55,23.55,0.0000,0.0517,0.0501,0.9572
27-APR-2016,AUSTRAL,0.35,0.35,0.0000,0.1109,0.1075,2.0538
27-APR-2016,AUTOAXLES,620.95,631.60,-0.0170,0.0237,0.0234,0.4471
27-APR-2016,AUTOIND,43.35,43.85,-0.0115,0.0315,0.0307,0.5865
27-APR-2016,AUTOLITIND,57.25,58.45,-0.0207,0.0501,0.0488,0.9323
27-APR-2016,AVANTI,704.95,704.95,0.0000,0.0016,0.0016,0.0306
27-APR-2016,AVANTIFEED,452.50,453.60,-0.0024,0.0282,0.0273,0.5216
27-APR-2016,AVTNPL,33.95,34.00,-0.0015,0.0225,0.0218,0.4165
27-APR-2016,AXISBANK,465.50,480.20,-0.0311,0.0195,0.0204,0.3897
27-APR-2016,AXISCADES,288.30,293.85,-0.0191,0.0395,0.0386,0.7375
27-APR-2016,AXISGOLD,2682.00,2663.00,0.0071,0.0138,0.0135,0.2579
27-APR-2016,AYMSYNTEX,107.55,107.45,0.0009,0.0248,0.0240,0.4585
27-APR-2016,BAFNAPHARM,32.25,33.30,-0.0320,0.0312,0.0313,0.5980
27-APR-2016,BAGFILMS,4.25,4.30,-0.0117,0.0486,0.0472,0.9018
27-APR-2016,BAJAJ-AUTO,2548.25,2548.10,0.0001,0.0159,0.0154,0.2942
27-APR-2016,BAJAJCORP,386.95,390.05,-0.0080,0.0207,0.0202,0.3859
27-APR-2016,BAJAJELEC,232.00,219.90,0.0536,0.0197,0.0232,0.4432
27-APR-2016,BAJAJFINSV,1879.60,1869.00,0.0057,0.0153,0.0149,0.2847
27-APR-2016,BAJAJHIND,19.70,19.90,-0.0101,0.0321,0.0312,0.5961
27-APR-2016,BAJAJHLDNG,1455.80,1467.35,-0.0079,0.0140,0.0137,0.2617
27-APR-2016,BAJFINANCE,6945.65,7004.35,-0.0084,0.0187,0.0182,0.3477
27-APR-2016,BALAJITELE,111.80,110.95,0.0076,0.0253,0.0246,0.4700
27-APR-2016,BALAMINES,204.85,201.35,0.0172,0.0369,0.0360,0.6878
27-APR-2016,BALKRISIND,655.15,654.15,0.0015,0.0131,0.0127,0.2426
27-APR-2016,BALLARPUR,17.60,17.25,0.0201,0.0357,0.0350,0.6687
27-APR-2016,BALMLAWRIE,582.05,576.35,0.0098,0.0128,0.0126,0.2407
27-APR-2016,BALPHARMA,98.75,97.35,0.0143,0.0312,0.0305,0.5827
27-APR-2016,BALRAMCHIN,105.45,105.30,0.0014,0.0291,0.0282,0.5388
27-APR-2016,BANARBEADS,46.10,46.00,0.0022,0.0352,0.0341,0.6515
27-APR-2016,BANARISUG,1880.80,1798.00,0.0450,0.0337,0.0345,0.6591
27-APR-2016,BANCOINDIA,135.30,134.95,0.0026,0.0274,0.0266,0.5082
27-APR-2016,BANG,16.95,16.60,0.0209,0.0359,0.0352,0.6725
27-APR-2016,BANKBARODA,161.05,161.70,-0.0040,0.0293,0.0284,0.5426
27-APR-2016,BANKBEES,1693.63,1707.30,-0.0080,0.0144,0.0141,0.2694
27-APR-2016,BANKINDIA,96.80,97.40,-0.0062,0.0216,0.0210,0.4012
27-APR-2016,BANSWRAS,106.50,107.30,-0.0075,0.0277,0.0269,0.5139
27-APR-2016,BARTRONICS,9.35,9.25,0.0108,0.0178,0.0175,0.3343
27-APR-2016,BASF,923.45,921.60,0.0020,0.0212,0.0206,0.3936
27-APR-2016,BASML,215.25,218.90,-0.0168,0.0227,0.0224,0.4280
27-APR-2016,BATAINDIA,564.40,565.60,-0.0021,0.0165,0.0160,0.3057
27-APR-2016,BAYERCROP,3894.55,3808.80,0.0223,0.0172,0.0175,0.3343
27-APR-2016,BBL,1066.80,1047.10,0.0186,0.0347,0.0340,0.6496
27-APR-2016,BBTC,405.40,400.05,0.0133,0.0228,0.0223,0.4260
27-APR-2016,BEARDSELL,80.00,76.20,0.0487,0.0342,0.0352,0.6725
27-APR-2016,BEDMUTHA,12.90,12.00,0.0723,0.0330,0.0366,0.6992
27-APR-2016,BEL,1212.60,1191.35,0.0177,0.0182,0.0182,0.3477
27-APR-2016,BEML,939.15,931.45,0.0082,0.0227,0.0221,0.4222
27-APR-2016,BEPL,19.10,19.40,-0.0156,0.0293,0.0287,0.5483
27-APR-2016,BERGEPAINT,263.25,263.00,0.0010,0.0151,0.0146,0.2789
27-APR-2016,BFINVEST,122.90,120.45,0.0201,0.0296,0.0291,0.5560
27-APR-2016,BFUTILITIE,592.80,583.20,0.0163,0.0242,0.0238,0.4547
27-APR-2016,BGLOBAL,5.85,5.95,-0.0169,0.0299,0.0293,0.5598
27-APR-2016,BGRENERGY,108.10,108.85,-0.0069,0.0201,0.0196,0.3745
27-APR-2016,BHAGERIA,161.65,162.95,-0.0080,0.0450,0.0437,0.8349
27-APR-2016,BHAGYNAGAR,17.55,17.80,-0.0141,0.0340,0.0331,0.6324
27-APR-2016,BHARATFORG,803.00,806.65,-0.0045,0.0208,0.0202,0.3859
27-APR-2016,BHARATGEAR,79.70,76.50,0.0410,0.0236,0.0250,0.4776
27-APR-2016,BHARATIDIL,26.75,26.35,0.0151,0.0616,0.0598,1.1425
27-APR-2016,BHARATRAS,1035.20,1030.40,0.0046,0.0292,0.0283,0.5407
27-APR-2016,BHARATWIRE,41.50,41.60,-0.0024,0.0210,0.0204,0.3897
27-APR-2016,BHARTIARTL,373.05,360.40,0.0345,0.0193,0.0205,0.3917
27-APR-2016,BHEL,127.75,129.15,-0.0109,0.0283,0.0276,0.5273
27-APR-2016,BHUSANSTL,41.65,42.60,-0.0226,0.0301,0.0297,0.5674
27-APR-2016,BIL,500.10,483.55,0.0337,0.0200,0.0211,0.4031
27-APR-2016,BILENERGY,0.95,0.95,0.0000,0.0487,0.0472,0.9018
27-APR-2016,BILPOWER,0.80,0.80,0.0000,0.0365,0.0354,0.6763
27-APR-2016,BINANIIND,67.80,67.70,0.0015,0.0214,0.0208,0.3974
27-APR-2016,BINDALAGRO,25.55,25.55,0.0000,0.0517,0.0501,0.9572
27-APR-2016,BIOCON,571.90,565.35,0.0115,0.0181,0.0178,0.3401
27-APR-2016,BIRLACORPN,395.65,391.10,0.0116,0.0197,0.0193,0.3687
27-APR-2016,BIRLACOT,0.05,0.05,0.0000,0.0175,0.0170,0.3248
27-APR-2016,BIRLAERIC,35.30,36.20,-0.0252,0.0258,0.0258,0.4929
27-APR-2016,BIRLAMONEY,22.30,22.60,-0.0134,0.0201,0.0198,0.3783
27-APR-2016,BLBLIMITED,3.40,3.40,0.0000,0.0491,0.0476,0.9094
27-APR-2016,BLISSGVS,110.00,110.55,-0.0050,0.0352,0.0341,0.6515
27-APR-2016,BLKASHYAP,14.20,14.25,-0.0035,0.0378,0.0367,0.7012
27-APR-2016,BLUEBLENDS,89.50,89.25,0.0028,0.0255,0.0247,0.4719
27-APR-2016,BLUECHIP,0.55,0.60,-0.0870,0.0711,0.0722,1.3794
27-APR-2016,BLUECOAST,96.35,91.80,0.0484,0.0210,0.0236,0.4509
27-APR-2016,BLUEDART,5877.30,5894.45,-0.0029,0.0215,0.0209,0.3993
27-APR-2016,BLUESTARCO,433.90,434.40,-0.0012,0.0155,0.0150,0.2866
27-APR-2016,BLUESTINFO,290.15,285.40,0.0165,0.0187,0.0186,0.3554
27-APR-2016,BODALCHEM,91.50,92.45,-0.0103,0.0504,0.0489,0.9342
27-APR-2016,BOMDYEING,50.35,50.20,0.0030,0.0207,0.0201,0.3840
27-APR-2016,BOSCHLTD,20227.40,20361.05,-0.0066,0.0188,0.0183,0.3496
27-APR-2016,BPCL,982.35,975.80,0.0067,0.0180,0.0175,0.3343
27-APR-2016,BPL,29.75,30.15,-0.0134,0.0378,0.0368,0.7031
27-APR-2016,BRFL,138.45,134.20,0.0312,0.0303,0.0304,0.5808
27-APR-2016,BRIGADE,155.05,150.55,0.0295,0.0154,0.0166,0.3171
27-APR-2016,BRITANNIA,2861.40,2837.30,0.0085,0.0161,0.0157,0.2999
27-APR-2016,BROADCAST,3.45,3.45,0.0000,0.0170,0.0165,0.3152
27-APR-2016,BROOKS,81.60,82.25,-0.0079,0.0289,0.0281,0.5368
27-APR-2016,BSELINFRA,3.40,3.40,0.0000,0.0377,0.0366,0.6992
27-APR-2016,BSL,64.10,64.65,-0.0085,0.0443,0.0430,0.8215
27-APR-2016,BSLGOLDETF,2765.00,2765.00,0.0000,0.0202,0.0196,0.3745
27-APR-2016,BSLIMITED,11.20,10.70,0.0457,0.0368,0.0374,0.7145
27-APR-2016,BSLNIFTY,88.61,90.00,-0.0156,0.0240,0.0236,0.4509
27-APR-2016,BURNPUR,9.85,9.95,-0.0101,0.0396,0.0385,0.7355
27-APR-2016,BUTTERFLY,177.45,178.05,-0.0034,0.0247,0.0240,0.4585
27-APR-2016,BVCL,17.00,16.80,0.0118,0.0349,0.0340,0.6496
27-APR-2016,BYKE,160.15,159.95,0.0012,0.0124,0.0120,0.2293
27-APR-2016,CADILAHC,326.85,328.00,-0.0035,0.0164,0.0159,0.3038
27-APR-2016,CAIRN,147.15,145.50,0.0113,0.0231,0.0226,0.4318
27-APR-2016,CALSOFT,9.50,9.05,0.0485,0.0336,0.0347,0.6629
27-APR-2016,CAMLINFINE,101.55,102.20,-0.0064,0.0234,0.0227,0.4337
27-APR-2016,CANBK,211.90,214.00,-0.0099,0.0276,0.0269,0.5139
27-APR-2016,CANDC,10.75,11.10,-0.0320,0.0382,0.0379,0.7241
27-APR-2016,CANFINHOME,1226.10,1222.00,0.0033,0.0273,0.0265,0.5063
27-APR-2016,CANTABIL,77.80,76.80,0.0129,0.0354,0.0345,0.6591
27-APR-2016,CAPF,435.30,437.55,-0.0052,0.0198,0.0192,0.3668
27-APR-2016,CAPLIPOINT,994.15,995.60,-0.0015,0.0216,0.0209,0.3993
27-APR-2016,CARBORUNIV,194.35,193.90,0.0023,0.0212,0.0206,0.3936
27-APR-2016,CAREERP,117.95,119.40,-0.0122,0.0266,0.0260,0.4967
27-APR-2016,CARERATING,1064.35,1059.25,0.0048,0.0234,0.0227,0.4337
27-APR-2016,CASTEXTECH,6.45,6.15,0.0476,0.0431,0.0434,0.8292
27-APR-2016,CASTROLIND,389.60,389.90,-0.0008,0.0142,0.0138,0.2636
27-APR-2016,CCCL,3.85,3.90,-0.0129,0.0285,0.0278,0.5311
27-APR-2016,CCHHL,11.80,12.30,-0.0415,0.0254,0.0266,0.5082
27-APR-2016,CCL,195.05,194.65,0.0021,0.0200,0.0194,0.3706
27-APR-2016,CEATLTD,1121.60,1146.20,-0.0217,0.0212,0.0212,0.4050
27-APR-2016,CEBBCO,18.25,18.55,-0.0163,0.0368,0.0359,0.6859
27-APR-2016,CELEBRITY,9.00,9.25,-0.0274,0.0302,0.0300,0.5731
27-APR-2016,CELESTIAL,25.95,25.60,0.0136,0.0380,0.0370,0.7069
27-APR-2016,CENTENKA,197.90,198.10,-0.0010,0.0186,0.0180,0.3439
27-APR-2016,CENTEXT,1.90,1.90,0.0000,0.0446,0.0432,0.8253
27-APR-2016,CENTRALBK,83.25,82.20,0.0127,0.0208,0.0204,0.3897
27-APR-2016,CENTUM,592.95,594.60,-0.0028,0.0214,0.0208,0.3974
27-APR-2016,CENTURYPLY,183.25,184.70,-0.0079,0.0209,0.0204,0.3897
27-APR-2016,CENTURYTEX,629.35,627.70,0.0026,0.0250,0.0242,0.4623
27-APR-2016,CERA,1793.75,1796.70,-0.0016,0.0135,0.0131,0.2503
27-APR-2016,CEREBRAINT,21.60,22.20,-0.0274,0.0430,0.0422,0.8062
27-APR-2016,CESC,553.30,547.35,0.0108,0.0184,0.0180,0.3439
27-APR-2016,CGCL,129.10,130.05,-0.0073,0.0244,0.0237,0.4528
27-APR-2016,CHAMBLFERT,61.90,60.20,0.0278,0.0177,0.0185,0.3534
27-APR-2016,CHEMFALKAL,80.65,82.40,-0.0215,0.0242,0.0240,0.4585
27-APR-2016,CHENNPETRO,224.85,218.10,0.0305,0.0268,0.0270,0.5158
27-APR-2016,CHOLAFIN,796.20,790.00,0.0078,0.0185,0.0180,0.3439
27-APR-2016,CHROMATIC,3.85,3.60,0.0671,0.0938,0.0924,1.7653
27-APR-2016,CIGNITITEC,464.55,459.30,0.0114,0.0171,0.0168,0.3210
27-APR-2016,CIMMCO,72.40,72.30,0.0014,0.0267,0.0259,0.4948
27-APR-2016,CINELINE,28.00,28.00,0.0000,0.0425,0.0412,0.7871
27-APR-2016,CINEVISTA,3.85,3.80,0.0131,0.0459,0.0446,0.8521
27-APR-2016,CIPLA,540.20,540.50,-0.0006,0.0146,0.0142,0.2713
27-APR-2016,CLNINDIA,672.85,667.05,0.0087,0.0196,0.0191,0.3649
27-APR-2016,CNOVAPETRO,33.80,34.00,-0.0059,0.0341,0.0331,0.6324
27-APR-2016,COALINDIA,290.90,288.30,0.0090,0.0161,0.0158,0.3019
27-APR-2016,COFFEEDAY,270.80,235.30,0.1405,0.0180,0.0386,0.7375
27-APR-2016,COLPAL,855.55,843.90,0.0137,0.0107,0.0109,0.2082
27-APR-2016,COMPUSOFT,9.70,9.75,-0.0051,0.0269,0.0261,0.4986
27-APR-2016,CONCOR,1346.70,1356.75,-0.0074,0.0204,0.0199,0.3802
27-APR-2016,CONSOFINVT,65.40,65.65,-0.0038,0.0245,0.0238,0.4547
27-APR-2016,CORDSCABLE,50.15,49.40,0.0151,0.0353,0.0344,0.6572
27-APR-2016,COROMANDEL,228.10,222.55,0.0246,0.0195,0.0198,0.3783
27-APR-2016,CORPBANK,39.60,40.30,-0.0175,0.0247,0.0243,0.4643
27-APR-2016,COSMOFILMS,384.60,377.50,0.0186,0.0310,0.0304,0.5808
27-APR-2016,COUNCODOS,3.90,4.15,-0.0621,0.0492,0.0501,0.9572
27-APR-2016,COX&KINGS,189.75,189.75,0.0000,0.0274,0.0266,0.5082
27-APR-2016,CPSEETF,20.49,20.22,0.0133,0.0112,0.0113,0.2159
27-APR-2016,CREATIVEYE,3.40,3.40,0.0000,0.0358,0.0347,0.6629
27-APR-2016,CREST,44.75,44.60,0.0034,0.0530,0.0514,0.9820
27-APR-2016,CRISIL,1989.95,1999.45,-0.0048,0.0252,0.0245,0.4681
27-APR-2016,CRMFGETF,2765.00,2765.00,0.0000,0.0077,0.0075,0.1433
27-APR-2016,CROMPGREAV,59.20,59.90,-0.0118,0.0370,0.0360,0.6878
27-APR-2016,CTE,98.25,100.25,-0.0202,0.0178,0.0179,0.3420
27-APR-2016,CUB,95.35,95.40,-0.0005,0.0160,0.0155,0.2961
27-APR-2016,CUBEXTUB,11.15,11.15,0.0000,0.0292,0.0283,0.5407
27-APR-2016,CUMMINSIND,888.55,881.95,0.0075,0.0184,0.0179,0.3420
27-APR-2016,CURATECH,4.45,4.25,0.0460,0.0265,0.0281,0.5368
27-APR-2016,CYBERMEDIA,7.40,6.75,0.0919,0.0520,0.0552,1.0546
27-APR-2016,CYBERTECH,44.85,43.55,0.0294,0.0416,0.0410,0.7833
27-APR-2016,CYIENT,459.55,456.85,0.0059,0.0301,0.0292,0.5579
27-APR-2016,DAAWAT,232.75,239.70,-0.0294,0.0260,0.0262,0.5006
27-APR-2016,DABUR,272.50,266.55,0.0221,0.0145,0.0151,0.2885
27-APR-2016,DALMIABHA,864.55,863.65,0.0010,0.0255,0.0247,0.4719
27-APR-2016,DALMIASUG,97.35,97.85,-0.0051,0.0433,0.0420,0.8024
27-APR-2016,DATAMATICS,52.75,52.75,0.0000,0.0261,0.0253,0.4834
27-APR-2016,DBCORP,329.80,330.50,-0.0021,0.0172,0.0167,0.3191
27-APR-2016,DBREALTY,46.75,47.15,-0.0085,0.0305,0.0296,0.5655
27-APR-2016,DBSTOCKBRO,19.80,19.85,-0.0025,0.0061,0.0059,0.1127
27-APR-2016,DCBBANK,95.45,96.95,-0.0156,0.0335,0.0327,0.6247
27-APR-2016,DCM,103.85,102.20,0.0160,0.0296,0.0290,0.5540
27-APR-2016,DCMSHRIRAM,161.90,164.95,-0.0187,0.0322,0.0316,0.6037
27-APR-2016,DCW,27.55,27.80,-0.0090,0.0293,0.0285,0.5445
27-APR-2016,DECCANCE,685.45,689.90,-0.0065,0.0361,0.0350,0.6687
27-APR-2016,DECOLIGHT,1.30,1.30,0.0000,0.0016,0.0016,0.0306
27-APR-2016,DEEPAKFERT,152.75,153.65,-0.0059,0.0172,0.0167,0.3191
27-APR-2016,DEEPAKNTR,70.15,70.95,-0.0113,0.0196,0.0192,0.3668
27-APR-2016,DEEPIND,168.75,163.40,0.0322,0.0328,0.0328,0.6266
27-APR-2016,DELTACORP,85.45,85.10,0.0041,0.0337,0.0327,0.6247
27-APR-2016,DELTAMAGNT,28.85,28.85,0.0000,0.0258,0.0250,0.4776
27-APR-2016,DEN,89.75,89.95,-0.0022,0.0367,0.0356,0.6801
27-APR-2016,DENABANK,30.45,30.60,-0.0049,0.0164,0.0159,0.3038
27-APR-2016,DENORA,361.55,363.05,-0.0041,0.0363,0.0352,0.6725
27-APR-2016,DHAMPURSUG,86.05,87.75,-0.0196,0.0452,0.0441,0.8425
27-APR-2016,DHANBANK,19.95,19.90,0.0025,0.0114,0.0111,0.2121
27-APR-2016,DHANUKA,607.70,608.55,-0.0014,0.0226,0.0219,0.4184
27-APR-2016,DHARSUGAR,28.20,28.45,-0.0088,0.0453,0.0440,0.8406
27-APR-2016,DHFL,205.40,205.85,-0.0022,0.0261,0.0253,0.4834
27-APR-2016,DHUNINV,141.70,144.25,-0.0178,0.0167,0.0168,0.3210
27-APR-2016,DIAPOWER,37.35,31.20,0.1799,0.0638,0.0759,1.4501
27-APR-2016,DICIND,603.75,602.70,0.0017,0.0324,0.0314,0.5999
27-APR-2016,DISHMAN,345.50,352.10,-0.0189,0.0250,0.0247,0.4719
27-APR-2016,DISHTV,90.90,91.40,-0.0055,0.0273,0.0265,0.5063
27-APR-2016,DIVISLAB,1042.25,1058.45,-0.0154,0.0159,0.0159,0.3038
27-APR-2016,DLF,123.30,124.20,-0.0073,0.0307,0.0298,0.5693
27-APR-2016,DLINKINDIA,132.00,132.65,-0.0049,0.0268,0.0260,0.4967
27-APR-2016,DOLPHINOFF,101.45,89.40,0.1264,0.0262,0.0401,0.7661
27-APR-2016,DONEAR,27.15,27.25,-0.0037,0.0367,0.0356,0.6801
27-APR-2016,DPL,86.90,87.05,-0.0017,0.0194,0.0188,0.3592
27-APR-2016,DPSCLTD,17.30,16.75,0.0323,0.0314,0.0315,0.6018
27-APR-2016,DQE,23.80,22.95,0.0364,0.0398,0.0396,0.7566
27-APR-2016,DREDGECORP,398.95,399.35,-0.0010,0.0260,0.0252,0.4814
27-APR-2016,DRREDDY,3130.75,3120.25,0.0034,0.0142,0.0138,0.2636
27-APR-2016,DSKULKARNI,76.65,76.45,0.0026,0.0264,0.0256,0.4891
27-APR-2016,DSSL,13.00,14.20,-0.0883,0.0406,0.0449,0.8578
27-APR-2016,DTIL,309.80,300.85,0.0293,0.0385,0.0380,0.7260
27-APR-2016,DUNCANSLTD,12.45,12.45,0.0000,0.0206,0.0200,0.3821
27-APR-2016,DWARKESH,192.65,192.05,0.0031,0.0459,0.0445,0.8502
27-APR-2016,DYNAMATECH,2177.55,2233.20,-0.0252,0.0398,0.0391,0.7470
27-APR-2016,DYNATECH,15.90,15.75,0.0095,0.0293,0.0285,0.5445
27-APR-2016,EASTSILK,2.45,2.45,0.0000,0.0398,0.0386,0.7375
27-APR-2016,EASUNREYRL,36.05,34.90,0.0324,0.0384,0.0381,0.7279
27-APR-2016,EBANK,1560.00,1560.00,0.0000,0.0135,0.0131,0.2503
27-APR-2016,ECEIND,168.95,170.00,-0.0062,0.0211,0.0205,0.3917
27-APR-2016,ECLERX,1319.20,1324.40,-0.0039,0.0138,0.0134,0.2560
27-APR-2016,EDELWEISS,58.00,58.00,0.0000,0.0235,0.0228,0.4356
27-APR-2016,EDL,56.20,56.45,-0.0044,0.0392,0.0380,0.7260
27-APR-2016,EDUCOMP,11.80,11.75,0.0042,0.0198,0.0192,0.3668
27-APR-2016,EICHERMOT,20114.30,20148.40,-0.0017,0.0171,0.0166,0.3171
27-APR-2016,EIDPARRY,230.70,229.55,0.0050,0.0284,0.0276,0.5273
27-APR-2016,EIHAHOTELS,297.20,304.05,-0.0228,0.0274,0.0271,0.5177
27-APR-2016,EIHOTEL,104.85,104.70,0.0014,0.0126,0.0122,0.2331
27-APR-2016,EIMCOELECO,369.65,370.00,-0.0009,0.0309,0.0300,0.5731
27-APR-2016,EKC,16.95,17.10,-0.0088,0.0358,0.0348,0.6649
27-APR-2016,ELAND,32.95,33.60,-0.0195,0.0262,0.0258,0.4929
27-APR-2016,ELECON,66.15,65.10,0.0160,0.0280,0.0274,0.5235
27-APR-2016,ELECTCAST,19.45,19.10,0.0182,0.0210,0.0208,0.3974
27-APR-2016,ELECTHERM,76.85,78.65,-0.0232,0.0638,0.0621,1.1864
27-APR-2016,ELGIEQUIP,161.60,158.25,0.0209,0.0284,0.0280,0.5349
27-APR-2016,ELGIRUBCO,31.30,30.15,0.0374,0.0322,0.0325,0.6209
27-APR-2016,EMAMIINFRA,38.50,39.65,-0.0294,0.0274,0.0275,0.5254
27-APR-2016,EMAMILTD,1007.40,993.85,0.0135,0.0161,0.0160,0.3057
27-APR-2016,EMCO,27.80,27.85,-0.0018,0.0274,0.0266,0.5082
27-APR-2016,EMKAY,54.20,54.20,0.0000,0.0267,0.0259,0.4948
27-APR-2016,EMMBI,71.55,71.10,0.0063,0.0328,0.0318,0.6075
27-APR-2016,ENERGYDEV,71.70,68.20,0.0500,0.0319,0.0333,0.6362
27-APR-2016,ENGINERSIN,184.70,182.85,0.0101,0.0206,0.0201,0.3840
27-APR-2016,ENIL,713.30,691.60,0.0309,0.0276,0.0278,0.5311
27-APR-2016,ENTEGRA,2.80,2.70,0.0364,0.0314,0.0317,0.6056
27-APR-2016,EON,66.50,65.85,0.0098,0.0466,0.0452,0.8635
27-APR-2016,EQUITAS,141.85,138.70,0.0225,0.0174,0.0177,0.3382
27-APR-2016,EROSMEDIA,187.60,185.35,0.0121,0.0366,0.0356,0.6801
27-APR-2016,ESABINDIA,589.95,594.25,-0.0073,0.0308,0.0299,0.5712
27-APR-2016,ESCORTS,172.05,167.65,0.0259,0.0287,0.0285,0.5445
27-APR-2016,ESL,3.45,3.35,0.0294,0.0291,0.0291,0.5560
27-APR-2016,ESSARSHPNG,25.30,25.30,0.0000,0.0252,0.0244,0.4662
27-APR-2016,ESSDEE,95.00,95.20,-0.0021,0.0354,0.0343,0.6553
27-APR-2016,ESSELPACK,184.00,184.45,-0.0024,0.0177,0.0172,0.3286
27-APR-2016,ESTER,63.10,63.20,-0.0016,0.0482,0.0467,0.8922
27-APR-2016,EUROCERA,4.25,4.50,-0.0572,0.0595,0.0594,1.1348
27-APR-2016,EUROMULTI,2.95,2.95,0.0000,0.0137,0.0133,0.2541
27-APR-2016,EUROTEXIND,26.10,26.65,-0.0209,0.0459,0.0448,0.8559
27-APR-2016,EVEREADY,248.55,253.70,-0.0205,0.0221,0.0220,0.4203
27-APR-2016,EVERESTIND,275.75,274.60,0.0042,0.0220,0.0214,0.4088
27-APR-2016,EVERONN,20.65,20.35,0.0146,0.0202,0.0199,0.3802
27-APR-2016,EXCEL,40.20,41.35,-0.0282,0.0654,0.0638,1.2189
27-APR-2016,EXCELCROP,1160.90,1165.10,-0.0036,0.0211,0.0205,0.3917
27-APR-2016,EXCELINDUS,270.60,274.50,-0.0143,0.0412,0.0401,0.7661
27-APR-2016,EXIDEIND,149.50,147.60,0.0128,0.0185,0.0182,0.3477
27-APR-2016,FACT,25.05,23.75,0.0533,0.0319,0.0336,0.6419
27-APR-2016,FAGBEARING,4084.75,4158.35,-0.0179,0.0168,0.0169,0.3229
27-APR-2016,FARMAXIND,0.20,0.20,0.0000,0.1939,0.1880,3.5917
27-APR-2016,FCEL,22.95,22.70,0.0110,0.0249,0.0243,0.4643
27-APR-2016,FCL,32.60,32.55,0.0015,0.0309,0.0300,0.5731
27-APR-2016,FCSSOFT,0.35,0.35,0.0000,0.0864,0.0838,1.6010
27-APR-2016,FDC,179.85,180.55,-0.0039,0.0152,0.0148,0.2828
27-APR-2016,FEDDERLOYD,83.65,83.65,0.0000,0.0288,0.0279,0.5330
27-APR-2016,FEDERALBNK,48.00,48.40,-0.0083,0.0225,0.0219,0.4184
27-APR-2016,FIEMIND,823.20,835.10,-0.0144,0.0226,0.0222,0.4241
27-APR-2016,FILATEX,56.25,56.15,0.0018,0.0523,0.0507,0.9686
27-APR-2016,FINANTECH,88.70,88.70,0.0000,0.0330,0.0320,0.6114
27-APR-2016,FINCABLES,280.25,279.95,0.0011,0.0202,0.0196,0.3745
27-APR-2016,FINPIPE,361.25,362.10,-0.0024,0.0205,0.0199,0.3802
27-APR-2016,FIRSTWIN,2.35,2.45,-0.0417,0.0157,0.0183,0.3496
27-APR-2016,FLEXITUFF,194.90,194.20,0.0036,0.0222,0.0215,0.4108
27-APR-2016,FLFL,89.60,91.35,-0.0193,0.0376,0.0368,0.7031
27-APR-2016,FMGOETZE,320.00,323.00,-0.0093,0.0185,0.0181,0.3458
27-APR-2016,FMNL,25.60,25.00,0.0237,0.0276,0.0274,0.5235
27-APR-2016,FORTIS,177.90,178.70,-0.0045,0.0177,0.0172,0.3286
27-APR-2016,FOSECOIND,1347.55,1335.15,0.0092,0.0181,0.0177,0.3382
27-APR-2016,FRL,145.60,146.20,-0.0041,0.0288,0.0279,0.5330
27-APR-2016,FRLDVR,126.60,123.70,0.0232,0.0339,0.0334,0.6381
27-APR-2016,FSL,40.70,38.85,0.0465,0.0251,0.0269,0.5139
27-APR-2016,GABRIEL,92.95,92.30,0.0070,0.0207,0.0201,0.3840
27-APR-2016,GAEL,56.90,53.90,0.0542,0.0401,0.0411,0.7852
27-APR-2016,GAIL,373.20,363.00,0.0277,0.0199,0.0205,0.3917
27-APR-2016,GAL,45.10,47.70,-0.0560,0.0551,0.0552,1.0546
27-APR-2016,GALLANTT,29.75,29.65,0.0034,0.0314,0.0305,0.5827
27-APR-2016,GALLISPAT,603.25,603.50,-0.0004,0.0336,0.0326,0.6228
27-APR-2016,GAMMNINFRA,4.75,4.80,-0.0105,0.0223,0.0218,0.4165
27-APR-2016,GAMMONIND,12.25,12.30,-0.0041,0.0371,0.0360,0.6878
27-APR-2016,GANDHITUBE,209.00,209.50,-0.0024,0.0168,0.0163,0.3114
27-APR-2016,GANECOS,167.85,165.25,0.0156,0.0267,0.0262,0.5006
27-APR-2016,GANESHHOUC,112.95,114.10,-0.0101,0.0158,0.0155,0.2961
27-APR-2016,GANGOTRI,1.30,1.30,0.0000,0.0313,0.0303,0.5789
27-APR-2016,GARDENSILK,24.70,24.45,0.0102,0.0191,0.0187,0.3573
27-APR-2016,GARWALLROP,363.05,365.60,-0.0070,0.0217,0.0211,0.4031
27-APR-2016,GATI,118.65,119.65,-0.0084,0.0222,0.0216,0.4127
27-APR-2016,GAYAPROJ,583.15,588.90,-0.0098,0.0247,0.0241,0.4604
27-APR-2016,GDL,299.80,285.85,0.0476,0.0273,0.0289,0.5521
27-APR-2016,GEECEE,134.80,130.95,0.0290,0.0411,0.0405,0.7738
27-APR-2016,GEINDSYS,8.10,8.35,-0.0304,0.0340,0.0338,0.6457
27-APR-2016,GEMINI,2.65,2.60,0.0190,0.0348,0.0341,0.6515
27-APR-2016,GENESYS,52.85,52.25,0.0114,0.0313,0.0305,0.5827
27-APR-2016,GENUSPAPER,4.60,4.65,-0.0108,0.0327,0.0318,0.6075
27-APR-2016,GENUSPOWER,57.25,58.35,-0.0190,0.0364,0.0356,0.6801
27-APR-2016,GEOJITBNPP,36.25,35.45,0.0223,0.0251,0.0249,0.4757
27-APR-2016,GEOMETRIC,230.15,231.45,-0.0056,0.0375,0.0364,0.6954
27-APR-2016,GESHIP,333.95,332.50,0.0044,0.0223,0.0216,0.4127
27-APR-2016,GHCL,135.10,137.25,-0.0158,0.0298,0.0291,0.5560
27-APR-2016,GICHSGFIN,259.90,255.80,0.0159,0.0313,0.0306,0.5846
27-APR-2016,GILLANDERS,66.00,66.80,-0.0120,0.0298,0.0290,0.5540
27-APR-2016,GILLETTE,4265.55,4284.35,-0.0044,0.0097,0.0095,0.1815
27-APR-2016,GINNIFILA,24.15,24.25,-0.0041,0.0531,0.0515,0.9839
27-APR-2016,GIPCL,82.30,81.75,0.0067,0.0169,0.0165,0.3152
27-APR-2016,GISOLUTION,4.55,4.55,0.0000,0.0207,0.0201,0.3840
27-APR-2016,GITANJALI,38.35,36.85,0.0399,0.0305,0.0311,0.5942
27-APR-2016,GKWLIMITED,615.00,612.80,0.0036,0.0410,0.0398,0.7604
27-APR-2016,GLAXO,3768.90,3745.00,0.0064,0.0129,0.0126,0.2407
27-APR-2016,GLENMARK,826.65,829.50,-0.0034,0.0180,0.0175,0.3343
27-APR-2016,GLFL,2.25,2.25,0.0000,0.0131,0.0127,0.2426
27-APR-2016,GLOBALVECT,88.50,91.85,-0.0372,0.0266,0.0273,0.5216
27-APR-2016,GLOBOFFS,181.25,176.90,0.0243,0.0308,0.0304,0.5808
27-APR-2016,GLOBUSSPR,60.65,62.00,-0.0220,0.0302,0.0298,0.5693
27-APR-2016,GLORY,0.50,0.50,0.0000,0.0016,0.0016,0.0306
27-APR-2016,GMBREW,774.85,777.80,-0.0038,0.0500,0.0485,0.9266
27-APR-2016,GMDCLTD,72.50,72.85,-0.0048,0.0219,0.0213,0.4069
27-APR-2016,GMRINFRA,12.45,12.35,0.0081,0.0228,0.0222,0.4241
27-APR-2016,GNFC,95.60,93.90,0.0179,0.0321,0.0314,0.5999
27-APR-2016,GOACARBON,87.10,88.05,-0.0108,0.0450,0.0437,0.8349
27-APR-2016,GOCLCORP,144.80,147.00,-0.0151,0.0212,0.0209,0.3993
27-APR-2016,GODFRYPHLP,943.15,931.30,0.0126,0.0532,0.0517,0.9877
27-APR-2016,GODREJCP,1368.60,1355.35,0.0097,0.0184,0.0180,0.3439
27-APR-2016,GODREJIND,355.65,353.40,0.0063,0.0158,0.0154,0.2942
27-APR-2016,GODREJPROP,330.10,330.50,-0.0012,0.0202,0.0196,0.3745
27-APR-2016,GOENKA,1.40,1.40,0.0000,0.0292,0.0283,0.5407
27-APR-2016,GOKEX,76.70,75.55,0.0151,0.0367,0.0358,0.6840
27-APR-2016,GOKUL,13.50,13.15,0.0263,0.0403,0.0396,0.7566
27-APR-2016,GOKULAGRO,11.00,10.10,0.0854,0.0499,0.0527,1.0068
27-APR-2016,GOLDBEES,2661.70,2645.60,0.0061,0.0085,0.0084,0.1605
27-APR-2016,GOLDENTOBC,41.30,41.65,-0.0084,0.0285,0.0277,0.5292
27-APR-2016,GOLDIAM,50.60,52.30,-0.0330,0.0307,0.0308,0.5884
27-APR-2016,GOLDINFRA,18.00,18.35,-0.0193,0.0248,0.0245,0.4681
27-APR-2016,GOLDSHARE,2656.15,2633.50,0.0086,0.0073,0.0074,0.1414
27-APR-2016,GOLDTECH,5.10,4.95,0.0299,0.0294,0.0294,0.5617
27-APR-2016,GOODLUCK,98.90,96.75,0.0220,0.0198,0.0199,0.3802
27-APR-2016,GPIL,69.70,69.80,-0.0014,0.0353,0.0342,0.6534
27-APR-2016,GPPL,169.50,172.75,-0.0190,0.0235,0.0233,0.4451
27-APR-2016,GRANULES,132.70,132.20,0.0038,0.0195,0.0189,0.3611
27-APR-2016,GRAPHITE,78.65,78.75,-0.0013,0.0207,0.0201,0.3840
27-APR-2016,GRASIM,4131.40,4087.30,0.0107,0.0114,0.0114,0.2178
27-APR-2016,GRAVITA,25.35,25.25,0.0040,0.0391,0.0379,0.7241
27-APR-2016,GREAVESCOT,136.00,133.90,0.0156,0.0196,0.0194,0.3706
27-APR-2016,GREENFIRE,1.75,1.80,-0.0282,0.0509,0.0498,0.9514
27-APR-2016,GREENLAM,590.70,594.70,-0.0067,0.0264,0.0256,0.4891
27-APR-2016,GREENPLY,213.00,210.70,0.0109,0.0208,0.0203,0.3878
27-APR-2016,GREENPOWER,11.95,11.95,0.0000,0.0294,0.0285,0.5445
27-APR-2016,GRINDWELL,649.00,654.10,-0.0078,0.0251,0.0244,0.4662
27-APR-2016,GRPLTD,1076.90,1047.75,0.0274,0.0222,0.0225,0.4299
27-APR-2016,GRUH,259.95,266.00,-0.0230,0.0235,0.0235,0.4490
27-APR-2016,GSCLCEMENT,28.95,29.65,-0.0239,0.0370,0.0363,0.6935
27-APR-2016,GSFC,75.35,74.65,0.0093,0.0203,0.0198,0.3783
27-APR-2016,GSKCONS,6016.45,5965.70,0.0085,0.0104,0.0103,0.1968
27-APR-2016,GSPL,138.45,139.95,-0.0108,0.0185,0.0181,0.3458
27-APR-2016,GSS,27.10,26.00,0.0414,0.0366,0.0369,0.7050
27-APR-2016,GTL,12.40,12.35,0.0040,0.0189,0.0184,0.3515
27-APR-2016,GTLINFRA,2.20,2.30,-0.0445,0.0257,0.0272,0.5197
27-APR-2016,GTNIND,10.65,10.65,0.0000,0.0473,0.0459,0.8769
27-APR-2016,GTNTEX,10.45,10.00,0.0440,0.0355,0.0361,0.6897
27-APR-2016,GTOFFSHORE,48.90,43.60,0.1147,0.0307,0.0409,0.7814
27-APR-2016,GUFICBIO,39.90,39.80,0.0025,0.0279,0.0271,0.5177
27-APR-2016,GUJALKALI,181.20,181.85,-0.0036,0.0209,0.0203,0.3878
27-APR-2016,GUJAPOLLO,122.50,121.60,0.0074,0.0177,0.0173,0.3305
27-APR-2016,GUJFLUORO,569.30,572.50,-0.0056,0.0275,0.0267,0.5101
27-APR-2016,GUJGASLTD,534.90,524.15,0.0203,0.0163,0.0166,0.3171
27-APR-2016,GUJNRECOKE,3.25,3.25,0.0000,0.0258,0.0250,0.4776
27-APR-2016,GUJNREDVR,2.00,2.05,-0.0247,0.0356,0.0350,0.6687
27-APR-2016,GULFOILLUB,529.05,530.35,-0.0025,0.0225,0.0218,0.4165
27-APR-2016,GULFPETRO,58.75,59.55,-0.0135,0.0260,0.0254,0.4853
27-APR-2016,GULPOLY,353.90,354.00,-0.0003,0.0237,0.0230,0.4394
27-APR-2016,GVKPIL,6.75,6.80,-0.0074,0.0194,0.0189,0.3611
27-APR-2016,HANUNG,8.10,8.05,0.0062,0.0210,0.0204,0.3897
27-APR-2016,HARITASEAT,511.05,514.90,-0.0075,0.0320,0.0311,0.5942
27-APR-2016,HARRMALAYA,69.90,70.85,-0.0135,0.0474,0.0461,0.8807
27-APR-2016,HATHWAY,36.05,36.25,-0.0055,0.0234,0.0227,0.4337
27-APR-2016,HATSUN,451.30,451.80,-0.0011,0.0120,0.0116,0.2216
27-APR-2016,HAVELLS,344.20,346.10,-0.0055,0.0213,0.0207,0.3955
27-APR-2016,HBLPOWER,35.45,35.60,-0.0042,0.0255,0.0247,0.4719
27-APR-2016,HBSTOCK,7.60,7.80,-0.0260,0.0499,0.0488,0.9323
27-APR-2016,HCC,22.45,22.15,0.0135,0.0224,0.0220,0.4203
27-APR-2016,HCG,184.00,181.80,0.0120,0.0363,0.0353,0.6744
27-APR-2016,HCIL,18.00,18.00,0.0000,0.0337,0.0327,0.6247
27-APR-2016,HCL-INSYS,44.65,45.05,-0.0089,0.0228,0.0222,0.4241
27-APR-2016,HCLTECH,837.55,849.80,-0.0145,0.0115,0.0117,0.2235
27-APR-2016,HDFC,1121.50,1127.30,-0.0052,0.0149,0.0145,0.2770
27-APR-2016,HDFCBANK,1124.20,1113.85,0.0092,0.0097,0.0097,0.1853
27-APR-2016,HDFCMFGETF,2727.75,2715.50,0.0045,0.0086,0.0084,0.1605
27-APR-2016,HDFCNIFETF,794.70,798.15,-0.0043,0.0107,0.0104,0.1987
27-APR-2016,HDFCSENETF,2594.00,2594.00,0.0000,0.0112,0.0109,0.2082
27-APR-2016,HDIL,82.90,83.80,-0.0108,0.0319,0.0310,0.5923
27-APR-2016,HEG,169.55,168.90,0.0038,0.0248,0.0241,0.4604
27-APR-2016,HEIDELBERG,95.15,97.10,-0.0203,0.0285,0.0281,0.5368
27-APR-2016,HERCULES,163.00,158.60,0.0274,0.0275,0.0275,0.5254
27-APR-2016,HERITGFOOD,511.65,514.25,-0.0051,0.0142,0.0138,0.2636
27-APR-2016,HEROMOTOCO,2949.90,2931.85,0.0061,0.0171,0.0166,0.3171
27-APR-2016,HESTERBIO,535.70,531.60,0.0077,0.0237,0.0231,0.4413
27-APR-2016,HEXATRADEX,15.15,15.10,0.0033,0.0397,0.0385,0.7355
27-APR-2016,HEXAWARE,244.10,245.10,-0.0041,0.0197,0.0191,0.3649
27-APR-2016,HFCL,19.10,18.45,0.0346,0.0332,0.0333,0.6362
27-APR-2016,HGS,408.05,405.70,0.0058,0.0149,0.0145,0.2770
27-APR-2016,HIKAL,143.40,143.30,0.0007,0.0259,0.0251,0.4795
27-APR-2016,HIL,568.90,561.20,0.0136,0.0234,0.0229,0.4375
27-APR-2016,HILTON,17.05,17.30,-0.0146,0.0355,0.0346,0.6610
27-APR-2016,HIMATSEIDE,225.20,226.45,-0.0055,0.0335,0.0325,0.6209
27-APR-2016,HINDALCO,101.75,103.15,-0.0137,0.0343,0.0334,0.6381
27-APR-2016,HINDCOMPOS,922.75,918.75,0.0043,0.0348,0.0338,0.6457
27-APR-2016,HINDCOPPER,55.55,54.80,0.0136,0.0253,0.0248,0.4738
27-APR-2016,HINDDORROL,10.20,10.35,-0.0146,0.0288,0.0282,0.5388
27-APR-2016,HINDMOTORS,5.25,5.20,0.0096,0.0253,0.0246,0.4700
27-APR-2016,HINDNATGLS,80.00,76.75,0.0415,0.0276,0.0286,0.5464
27-APR-2016,HINDOILEXP,37.75,36.55,0.0323,0.0300,0.0301,0.5751
27-APR-2016,HINDPETRO,858.05,856.95,0.0013,0.0187,0.0181,0.3458
27-APR-2016,HINDSYNTEX,23.95,22.85,0.0470,0.0276,0.0291,0.5560
27-APR-2016,HINDUJAFO,33.40,34.00,-0.0178,0.0453,0.0441,0.8425
27-APR-2016,HINDUJAVEN,442.05,441.80,0.0006,0.0139,0.0135,0.2579
27-APR-2016,HINDUNILVR,892.20,885.75,0.0073,0.0134,0.0131,0.2503
27-APR-2016,HINDZINC,172.90,172.50,0.0023,0.0188,0.0182,0.3477
27-APR-2016,HIRECT,66.40,67.00,-0.0090,0.0242,0.0236,0.4509
27-APR-2016,HITACHIHOM,1375.40,1395.85,-0.0148,0.0445,0.0433,0.8272
27-APR-2016,HITECHGEAR,264.25,268.20,-0.0148,0.0194,0.0192,0.3668
27-APR-2016,HITECHPLAS,164.95,164.80,0.0009,0.0277,0.0269,0.5139
27-APR-2016,HMT,48.40,47.40,0.0209,0.0237,0.0235,0.4490
27-APR-2016,HMVL,257.25,259.70,-0.0095,0.0183,0.0179,0.3420
27-APR-2016,HNGSNGBEES,2120.00,2107.86,0.0057,0.0202,0.0196,0.3745
27-APR-2016,HOCL,17.40,18.45,-0.0586,0.0504,0.0509,0.9724
27-APR-2016,HONAUT,9523.85,9537.75,-0.0015,0.0123,0.0119,0.2273
27-APR-2016,HONDAPOWER,1337.15,1330.05,0.0053,0.0179,0.0174,0.3324
27-APR-2016,HOTELEELA,18.35,18.30,0.0027,0.0182,0.0177,0.3382
27-APR-2016,HOTELRUGBY,5.05,5.05,0.0000,0.0310,0.0301,0.5751
27-APR-2016,HOVS,79.30,78.35,0.0121,0.0204,0.0200,0.3821
27-APR-2016,HSIL,300.00,303.35,-0.0111,0.0174,0.0171,0.3267
27-APR-2016,HTMEDIA,90.35,89.15,0.0134,0.0165,0.0163,0.3114
27-APR-2016,HUBTOWN,106.45,109.60,-0.0292,0.0205,0.0211,0.4031
27-APR-2016,IBREALEST,56.85,56.85,0.0000,0.0264,0.0256,0.4891
27-APR-2016,IBULHSGFIN,702.85,680.10,0.0329,0.0214,0.0223,0.4260
27-APR-2016,IBVENTURES,16.60,16.60,0.0000,0.0395,0.0383,0.7317
27-APR-2016,IBWSL,15.25,14.45,0.0539,0.0313,0.0331,0.6324
27-APR-2016,ICICIBANK,244.60,254.05,-0.0379,0.0271,0.0279,0.5330
27-APR-2016,ICIL,1048.65,1050.25,-0.0015,0.0261,0.0253,0.4834
27-APR-2016,ICNX100,84.11,96.50,-0.1374,0.0335,0.0468,0.8941
27-APR-2016,ICRA,3967.80,4008.00,-0.0101,0.0203,0.0198,0.3783
27-APR-2016,ICSA,2.50,2.50,0.0000,0.0373,0.0362,0.6916
27-APR-2016,IDBI,70.90,71.05,-0.0021,0.0216,0.0209,0.3993
27-APR-2016,IDBIGOLD,2745.00,2720.50,0.0090,0.0125,0.0123,0.2350
27-APR-2016,IDEA,125.00,123.75,0.0101,0.0270,0.0263,0.5025
27-APR-2016,IDFC,46.45,45.50,0.0207,0.0194,0.0195,0.3725
27-APR-2016,IDFCBANK,49.85,52.95,-0.0603,0.0208,0.0250,0.4776
27-APR-2016,IFBAGRO,407.25,409.50,-0.0055,0.0173,0.0168,0.3210
27-APR-2016,IFBIND,360.15,366.10,-0.0164,0.0331,0.0323,0.6171
27-APR-2016,IFCI,26.00,25.85,0.0058,0.0225,0.0219,0.4184
27-APR-2016,IFGLREFRAC,105.00,100.65,0.0423,0.0252,0.0265,0.5063
27-APR-2016,IGARASHI,604.15,598.65,0.0091,0.0292,0.0284,0.5426
27-APR-2016,IGL,572.00,572.55,-0.0010,0.0165,0.0160,0.3057
27-APR-2016,IGOLD,2750.90,2730.00,0.0076,0.0083,0.0083,0.1586
27-APR-2016,IGPL,126.80,124.55,0.0179,0.0293,0.0287,0.5483
27-APR-2016,IIFL,220.00,217.80,0.0101,0.0168,0.0165,0.3152
27-APR-2016,IITL,70.90,67.75,0.0454,0.0311,0.0321,0.6133
27-APR-2016,IL&FSENGG,46.85,46.90,-0.0011,0.0215,0.0208,0.3974
27-APR-2016,IL&FSTRANS,76.00,75.95,0.0007,0.0226,0.0219,0.4184
27-APR-2016,IMFA,139.65,142.30,-0.0188,0.0444,0.0433,0.8272
27-APR-2016,IMPAL,670.00,670.40,-0.0006,0.0079,0.0077,0.1471
27-APR-2016,IMPEXFERRO,1.30,1.30,0.0000,0.0302,0.0293,0.5598
27-APR-2016,INDBANK,7.45,7.55,-0.0133,0.0286,0.0279,0.5330
27-APR-2016,INDHOTEL,105.05,105.10,-0.0005,0.0205,0.0199,0.3802
27-APR-2016,INDIACEM,89.00,89.85,-0.0095,0.0265,0.0258,0.4929
27-APR-2016,INDIAGLYCO,88.45,87.15,0.0148,0.0307,0.0300,0.5731
27-APR-2016,INDIANB,100.10,100.50,-0.0040,0.0219,0.0213,0.4069
27-APR-2016,INDIANCARD,233.60,223.30,0.0451,0.0260,0.0275,0.5254
27-APR-2016,INDIANHUME,344.60,337.05,0.0222,0.0186,0.0188,0.3592
27-APR-2016,INDIGO,1047.70,1030.00,0.0170,0.0288,0.0282,0.5388
27-APR-2016,INDLMETER,111.25,110.35,0.0081,0.0489,0.0475,0.9075
27-APR-2016,INDNIPPON,402.50,393.10,0.0236,0.0280,0.0278,0.5311
27-APR-2016,INDOCO,272.35,275.40,-0.0111,0.0263,0.0256,0.4891
27-APR-2016,INDORAMA,32.40,33.65,-0.0379,0.0355,0.0356,0.6801
27-APR-2016,INDOSOLAR,8.10,8.10,0.0000,0.0297,0.0288,0.5502
27-APR-2016,INDOTECH,204.85,201.30,0.0175,0.0306,0.0300,0.5731
27-APR-2016,INDOTHAI,25.05,25.20,-0.0060,0.0251,0.0244,0.4662
27-APR-2016,INDOWIND,3.65,3.75,-0.0270,0.0251,0.0252,0.4814
27-APR-2016,INDRAMEDCO,55.15,56.80,-0.0295,0.0212,0.0218,0.4165
27-APR-2016,INDSWFTLAB,42.25,42.80,-0.0129,0.0356,0.0347,0.6629
27-APR-2016,INDSWFTLTD,4.85,4.80,0.0104,0.0263,0.0256,0.4891
27-APR-2016,INDTERRAIN,130.75,130.35,0.0031,0.0197,0.0191,0.3649
27-APR-2016,INDUSINDBK,1040.00,1021.40,0.0180,0.0157,0.0159,0.3038
27-APR-2016,INEOSSTYRO,618.00,621.70,-0.0060,0.0199,0.0193,0.3687
27-APR-2016,INFIBEAM,515.25,507.00,0.0161,0.0206,0.0204,0.3897
27-APR-2016,INFINITE,216.05,217.75,-0.0078,0.0255,0.0248,0.4738
27-APR-2016,INFOMEDIA,4.10,4.15,-0.0121,0.0285,0.0278,0.5311
27-APR-2016,INFRABEES,273.68,271.74,0.0071,0.0213,0.0207,0.3955
27-APR-2016,INFRATEL,375.70,363.05,0.0343,0.0213,0.0223,0.4260
27-APR-2016,INFY,1240.15,1232.15,0.0065,0.0179,0.0174,0.3324
27-APR-2016,INGERRAND,689.20,669.15,0.0295,0.0190,0.0198,0.3783
27-APR-2016,INIFTY,83.51,82.07,0.0174,0.0111,0.0116,0.2216
27-APR-2016,INOXLEISUR,212.00,213.60,-0.0075,0.0203,0.0198,0.3783
27-APR-2016,INOXWIND,269.75,264.65,0.0191,0.0326,0.0320,0.6114
27-APR-2016,INSECTICID,432.10,433.50,-0.0032,0.0368,0.0357,0.6820
27-APR-2016,INTEGRA,2.75,2.75,0.0000,0.0093,0.0090,0.1719
27-APR-2016,INTELLECT,231.35,232.55,-0.0052,0.0291,0.0282,0.5388
27-APR-2016,INVENTURE,14.00,13.75,0.0180,0.0316,0.0310,0.5923
27-APR-2016,IOB,31.60,31.90,-0.0094,0.0199,0.0194,0.3706
27-APR-2016,IOC,437.15,434.15,0.0069,0.0144,0.0141,0.2694
27-APR-2016,IOLCP,91.60,89.70,0.0210,0.0199,0.0200,0.3821
27-APR-2016,IPAPPM,289.20,289.30,-0.0003,0.0250,0.0242,0.4623
27-APR-2016,IPCALAB,496.00,495.40,0.0012,0.0276,0.0268,0.5120
27-APR-2016,IRB,215.75,214.45,0.0060,0.0175,0.0170,0.3248
27-APR-2016,ISENSEX,265.64,274.77,-0.0338,0.0301,0.0303,0.5789
27-APR-2016,ISFT,459.15,460.45,-0.0028,0.0316,0.0306,0.5846
27-APR-2016,ISMTLTD,8.25,8.35,-0.0120,0.0507,0.0492,0.9400
27-APR-2016,ITC,333.55,327.40,0.0186,0.0177,0.0178,0.3401
27-APR-2016,ITDCEM,125.25,127.05,-0.0143,0.0289,0.0282,0.5388
27-APR-2016,ITI,27.20,25.85,0.0509,0.0205,0.0235,0.4490
27-APR-2016,IVC,17.40,17.30,0.0058,0.0135,0.0132,0.2522
27-APR-2016,IVP,94.20,91.85,0.0253,0.0297,0.0295,0.5636
27-APR-2016,IVRCLINFRA,5.10,5.10,0.0000,0.0406,0.0394,0.7527
27-APR-2016,IZMO,53.25,53.20,0.0009,0.0433,0.0420,0.8024
27-APR-2016,J&KBANK,68.55,68.90,-0.0051,0.0423,0.0410,0.7833
27-APR-2016,JAGRAN,163.00,162.80,0.0012,0.0208,0.0202,0.3859
27-APR-2016,JAGSNPHARM,35.35,35.80,-0.0126,0.0243,0.0238,0.4547
27-APR-2016,JAIBALAJI,7.35,7.25,0.0137,0.0449,0.0437,0.8349
27-APR-2016,JAICORPLTD,69.60,69.85,-0.0036,0.0272,0.0264,0.5044
27-APR-2016,JAIHINDPRO,6.70,6.50,0.0303,0.0717,0.0699,1.3354
27-APR-2016,JAINSTUDIO,4.05,3.95,0.0250,0.0191,0.0195,0.3725
27-APR-2016,JAMNAAUTO,141.70,144.35,-0.0185,0.0205,0.0204,0.3897
27-APR-2016,JAYAGROGN,140.15,141.70,-0.0110,0.0262,0.0255,0.4872
27-APR-2016,JAYBARMARU,158.55,162.20,-0.0228,0.0359,0.0353,0.6744
27-APR-2016,JAYNECOIND,8.20,8.25,-0.0061,0.0397,0.0385,0.7355
27-APR-2016,JAYSREETEA,91.15,91.05,0.0011,0.0317,0.0307,0.5865
27-APR-2016,JBCHEPHARM,251.25,251.45,-0.0008,0.0167,0.0162,0.3095
27-APR-2016,JBFIND,211.90,213.80,-0.0089,0.0257,0.0250,0.4776
27-APR-2016,JBMA,157.50,155.80,0.0109,0.0230,0.0225,0.4299
27-APR-2016,JCTEL,0.35,0.35,0.0000,0.1043,0.1011,1.9315
27-APR-2016,JENSONICOL,7.75,8.00,-0.0317,0.0474,0.0466,0.8903
27-APR-2016,JETAIRWAYS,637.45,636.15,0.0020,0.0240,0.0233,0.4451
27-APR-2016,JHS,30.55,29.50,0.0350,0.0377,0.0375,0.7164
27-APR-2016,JIKIND,0.85,0.85,0.0000,0.0367,0.0356,0.6801
27-APR-2016,JINDALPHOT,188.60,180.00,0.0467,0.0275,0.0290,0.5540
27-APR-2016,JINDALPOLY,509.00,502.85,0.0122,0.0270,0.0263,0.5025
27-APR-2016,JINDALSAW,44.80,44.55,0.0056,0.0295,0.0286,0.5464
27-APR-2016,JINDALSTEL,76.80,74.25,0.0338,0.0406,0.0402,0.7680
27-APR-2016,JINDCOT,9.15,9.15,0.0000,0.0446,0.0432,0.8253
27-APR-2016,JINDRILL,161.00,134.20,0.1821,0.0225,0.0496,0.9476
27-APR-2016,JINDWORLD,153.40,149.90,0.0231,0.0311,0.0307,0.5865
27-APR-2016,JISLDVREQS,40.35,40.90,-0.0135,0.0188,0.0185,0.3534
27-APR-2016,JISLJALEQS,63.60,63.85,-0.0039,0.0230,0.0223,0.4260
27-APR-2016,JKCEMENT,612.45,609.75,0.0044,0.0208,0.0202,0.3859
27-APR-2016,JKIL,249.45,254.65,-0.0206,0.0438,0.0428,0.8177
27-APR-2016,JKLAKSHMI,361.10,365.45,-0.0120,0.0265,0.0259,0.4948
27-APR-2016,JKPAPER,49.95,51.20,-0.0247,0.0206,0.0209,0.3993
27-APR-2016,JKTYRE,85.50,86.40,-0.0105,0.0151,0.0149,0.2847
27-APR-2016,JMA,177.30,180.60,-0.0184,0.0203,0.0202,0.3859
27-APR-2016,JMCPROJECT,226.00,228.00,-0.0088,0.0224,0.0218,0.4165
27-APR-2016,JMFINANCIL,41.05,41.45,-0.0097,0.0194,0.0190,0.3630
27-APR-2016,JMTAUTOLTD,57.60,56.05,0.0273,0.0545,0.0533,1.0183
27-APR-2016,JOCIL,182.35,181.60,0.0041,0.0243,0.0236,0.4509
27-APR-2016,JPASSOCIAT,7.80,7.90,-0.0127,0.0335,0.0326,0.6228
27-APR-2016,JPINFRATEC,7.55,7.65,-0.0132,0.0244,0.0239,0.4566
27-APR-2016,JPOLYINVST,86.85,86.00,0.0098,0.0282,0.0274,0.5235
27-APR-2016,JPPOWER,4.75,4.75,0.0000,0.0260,0.0252,0.4814
27-APR-2016,JSL,17.55,17.95,-0.0225,0.0340,0.0334,0.6381
27-APR-2016,JSLHISAR,35.60,39.40,-0.1014,0.0386,0.0449,0.8578
27-APR-2016,JSWENERGY,67.85,68.15,-0.0044,0.0229,0.0222,0.4241
27-APR-2016,JSWHL,1012.75,1016.35,-0.0035,0.0112,0.0109,0.2082
27-APR-2016,JSWSTEEL,1362.60,1367.95,-0.0039,0.0148,0.0144,0.2751
27-APR-2016,JUBILANT,408.65,400.70,0.0196,0.0338,0.0331,0.6324
27-APR-2016,JUBLFOOD,1332.35,1319.75,0.0095,0.0260,0.0253,0.4834
27-APR-2016,JUBLINDS,157.90,155.55,0.0150,0.0259,0.0254,0.4853
27-APR-2016,JUNIORBEES,195.52,195.75,-0.0012,0.0106,0.0103,0.1968
27-APR-2016,JUSTDIAL,849.65,860.65,-0.0129,0.0422,0.0410,0.7833
27-APR-2016,JVLAGRO,19.50,19.85,-0.0178,0.0276,0.0271,0.5177
27-APR-2016,JYOTHYLAB,302.15,303.15,-0.0033,0.0136,0.0132,0.2522
27-APR-2016,JYOTISTRUC,10.80,10.95,-0.0138,0.0201,0.0198,0.3783
27-APR-2016,KABRAEXTRU,92.90,94.00,-0.0118,0.0202,0.0198,0.3783
27-APR-2016,KAJARIACER,1051.65,1060.00,-0.0079,0.0173,0.0169,0.3229
27-APR-2016,KAKATCEM,324.65,337.90,-0.0400,0.0541,0.0534,1.0202
27-APR-2016,KALINDEE,112.50,112.90,-0.0035,0.0251,0.0244,0.4662
27-APR-2016,KALPATPOWR,214.35,217.70,-0.0155,0.0225,0.0221,0.4222
27-APR-2016,KALYANIFRG,272.00,272.00,0.0000,0.0308,0.0299,0.5712
27-APR-2016,KAMATHOTEL,35.35,34.85,0.0142,0.0265,0.0259,0.4948
27-APR-2016,KAMDHENU,58.70,61.00,-0.0384,0.0358,0.0360,0.6878
27-APR-2016,KANANIIND,12.00,12.60,-0.0488,0.0424,0.0428,0.8177
27-APR-2016,KANORICHEM,66.15,66.95,-0.0120,0.0312,0.0304,0.5808
27-APR-2016,KANSAINER,295.90,292.40,0.0119,0.0155,0.0153,0.2923
27-APR-2016,KARMAENG,18.00,19.25,-0.0671,0.0539,0.0548,1.0470
27-APR-2016,KARURVYSYA,480.50,475.40,0.0107,0.0183,0.0179,0.3420
27-APR-2016,KAUSHALYA,3.80,3.75,0.0132,0.0310,0.0302,0.5770
27-APR-2016,KAVVERITEL,17.10,16.80,0.0177,0.0429,0.0418,0.7986
27-APR-2016,KAYA,909.05,911.35,-0.0025,0.0229,0.0222,0.4241
27-APR-2016,KCP,83.50,83.45,0.0006,0.0304,0.0295,0.5636
27-APR-2016,KCPSUGIND,25.40,25.90,-0.0195,0.0341,0.0334,0.6381
27-APR-2016,KDDL,183.45,187.75,-0.0232,0.0093,0.0107,0.2044
27-APR-2016,KEC,126.95,126.50,0.0036,0.0209,0.0203,0.3878
27-APR-2016,KECL,38.40,38.45,-0.0013,0.0344,0.0334,0.6381
27-APR-2016,KEI,104.30,101.05,0.0317,0.0219,0.0226,0.4318
27-APR-2016,KELLTONTEC,207.90,202.05,0.0285,0.0223,0.0227,0.4337
27-APR-2016,KEMROCK,10.95,10.95,0.0000,0.0330,0.0320,0.6114
27-APR-2016,KERNEX,34.25,33.30,0.0281,0.0224,0.0228,0.4356
27-APR-2016,KESARENT,39.00,39.55,-0.0140,0.0641,0.0622,1.1883
27-APR-2016,KESORAMIND,121.25,122.75,-0.0123,0.0306,0.0298,0.5693
27-APR-2016,KEYCORPSER,38.00,38.00,0.0000,0.0092,0.0089,0.1700
27-APR-2016,KGL,1.75,1.80,-0.0282,0.0451,0.0443,0.8464
27-APR-2016,KHAITANELE,37.00,36.65,0.0095,0.0390,0.0379,0.7241
27-APR-2016,KHAITANLTD,10.80,10.80,0.0000,0.0227,0.0220,0.4203
27-APR-2016,KHANDSE,18.10,18.10,0.0000,0.0203,0.0197,0.3764
27-APR-2016,KICL,1664.10,1650.00,0.0085,0.0199,0.0194,0.3706
27-APR-2016,KILITCH,37.05,37.70,-0.0174,0.0239,0.0236,0.4509
27-APR-2016,KIRIINDUS,204.20,209.40,-0.0251,0.0725,0.0706,1.3488
27-APR-2016,KIRLOSBROS,133.60,134.35,-0.0056,0.0210,0.0204,0.3897
27-APR-2016,KIRLOSENG,242.80,231.85,0.0461,0.0226,0.0247,0.4719
27-APR-2016,KIRLOSIND,633.20,624.00,0.0146,0.0192,0.0190,0.3630
27-APR-2016,KITEX,461.30,459.60,0.0037,0.0295,0.0286,0.5464
27-APR-2016,KKCL,1794.90,1790.00,0.0027,0.0164,0.0159,0.3038
27-APR-2016,KLGSYSTEL,4.10,4.10,0.0000,0.0016,0.0016,0.0306
27-APR-2016,KMSUGAR,6.30,6.00,0.0488,0.0383,0.0390,0.7451
27-APR-2016,KNRCON,557.65,554.90,0.0049,0.0214,0.0208,0.3974
27-APR-2016,KOHINOOR,54.20,48.30,0.1152,0.0293,0.0400,0.7642
27-APR-2016,KOKUYOCMLN,90.65,90.75,-0.0011,0.0245,0.0238,0.4547
27-APR-2016,KOLTEPATIL,124.55,123.10,0.0117,0.0313,0.0305,0.5827
27-APR-2016,KOPRAN,53.55,54.40,-0.0157,0.0250,0.0245,0.4681
27-APR-2016,KOTAKBANK,712.50,700.85,0.0165,0.0146,0.0147,0.2808
27-APR-2016,KOTAKBKETF,170.00,171.20,-0.0070,0.0140,0.0137,0.2617
27-APR-2016,KOTAKGOLD,264.05,263.00,0.0040,0.0071,0.0070,0.1337
27-APR-2016,KOTAKNIFTY,809.11,808.62,0.0006,0.0099,0.0096,0.1834
27-APR-2016,KOTAKNV20,37.25,36.25,0.0272,0.0291,0.0290,0.5540
27-APR-2016,KOTAKPSUBK,255.96,261.00,-0.0195,0.0237,0.0235,0.4490
27-APR-2016,KOTARISUG,13.85,14.25,-0.0285,0.0586,0.0572,1.0928
27-APR-2016,KOTHARIPET,20.50,20.10,0.0197,0.0256,0.0253,0.4834
27-APR-2016,KOTHARIPRO,170.20,172.05,-0.0108,0.0199,0.0195,0.3725
27-APR-2016,KPIT,154.25,152.10,0.0140,0.0207,0.0204,0.3897
27-APR-2016,KPRMILL,833.40,850.05,-0.0198,0.0187,0.0188,0.3592
27-APR-2016,KRBL,223.95,229.10,-0.0227,0.0274,0.0271,0.5177
27-APR-2016,KRIDHANINF,91.65,90.45,0.0132,0.0207,0.0203,0.3878
27-APR-2016,KSBPUMPS,664.00,670.35,-0.0095,0.0290,0.0282,0.5388
27-APR-2016,KSCL,398.35,401.40,-0.0076,0.0257,0.0250,0.4776
27-APR-2016,KSERASERA,0.25,0.25,0.0000,0.1207,0.1170,2.2353
27-APR-2016,KSK,33.65,33.95,-0.0089,0.0321,0.0312,0.5961
27-APR-2016,KSL,173.75,176.35,-0.0149,0.0259,0.0254,0.4853
27-APR-2016,KTIL,404.20,416.15,-0.0291,0.0311,0.0310,0.5923
27-APR-2016,KTKBANK,114.25,113.15,0.0097,0.0189,0.0185,0.3534
27-APR-2016,KWALITY,126.75,128.75,-0.0157,0.0278,0.0272,0.5197
27-APR-2016,L&TFH,71.70,71.10,0.0084,0.0236,0.0230,0.4394
27-APR-2016,LAKPRE,36.10,37.50,-0.0380,0.0369,0.0370,0.7069
27-APR-2016,LAKSHMIEFL,25.00,24.55,0.0182,0.0580,0.0564,1.0775
27-APR-2016,LAKSHVILAS,80.65,81.05,-0.0049,0.0092,0.0090,0.1719
27-APR-2016,LALPATHLAB,995.95,972.40,0.0239,0.0173,0.0178,0.3401
27-APR-2016,LAMBODHARA,126.45,126.60,-0.0012,0.0606,0.0588,1.1234
27-APR-2016,LAOPALA,578.05,577.15,0.0016,0.0144,0.0140,0.2675
27-APR-2016,LAXMIMACH,3574.85,3553.15,0.0061,0.0116,0.0113,0.2159
27-APR-2016,LCCINFOTEC,0.25,0.30,-0.1823,0.1506,0.1527,2.9173
27-APR-2016,LFIC,32.80,32.80,0.0000,0.0160,0.0155,0.2961
27-APR-2016,LGBBROSLTD,463.35,470.60,-0.0155,0.0192,0.0190,0.3630
27-APR-2016,LGBFORGE,5.40,5.40,0.0000,0.0251,0.0243,0.4643
27-APR-2016,LIBERTSHOE,175.85,173.90,0.0112,0.0338,0.0329,0.6286
27-APR-2016,LICHSGFIN,462.55,461.00,0.0034,0.0182,0.0177,0.3382
27-APR-2016,LICNETFGSC,14.96,15.04,-0.0053,0.0048,0.0048,0.0917
27-APR-2016,LICNETFN50,94.10,75.00,0.2269,0.0096,0.0563,1.0756
27-APR-2016,LINCOLN,156.15,156.55,-0.0026,0.0248,0.0241,0.4604
27-APR-2016,LINCPEN,192.45,189.95,0.0131,0.0187,0.0184,0.3515
27-APR-2016,LINDEINDIA,267.35,270.05,-0.0100,0.0173,0.0170,0.3248
27-APR-2016,LIQUIDBEES,1000.00,1000.00,0.0000,0.0016,0.0016,0.0306
27-APR-2016,LITL,4.95,5.00,-0.0101,0.0269,0.0262,0.5006
27-APR-2016,LLOYDELENG,275.95,281.05,-0.0183,0.0250,0.0246,0.4700
27-APR-2016,LML,7.25,7.35,-0.0137,0.0247,0.0242,0.4623
27-APR-2016,LOKESHMACH,76.15,75.15,0.0132,0.0327,0.0319,0.6094
27-APR-2016,LOTUSEYE,18.25,18.30,-0.0027,0.0280,0.0272,0.5197
27-APR-2016,LOVABLE,250.15,250.00,0.0006,0.0170,0.0165,0.3152
27-APR-2016,LPDC,3.60,3.60,0.0000,0.0343,0.0333,0.6362
27-APR-2016,LT,1276.45,1281.00,-0.0036,0.0173,0.0168,0.3210
27-APR-2016,LUMAXAUTO,36.85,36.85,0.0000,0.0310,0.0301,0.5751
27-APR-2016,LUMAXIND,452.45,453.40,-0.0021,0.0155,0.0150,0.2866
27-APR-2016,LUMAXTECH,349.70,355.00,-0.0150,0.0309,0.0302,0.5770
27-APR-2016,LUPIN,1569.90,1579.15,-0.0059,0.0231,0.0224,0.4280
27-APR-2016,LUXIND,3296.25,3302.10,-0.0018,0.0315,0.0305,0.5827
27-APR-2016,LYCOS,18.40,18.80,-0.0215,0.0494,0.0482,0.9209
27-APR-2016,LYKALABS,80.75,83.45,-0.0329,0.0303,0.0305,0.5827
27-APR-2016,LYPSAGEMS,92.50,94.55,-0.0219,0.0369,0.0362,0.6916
27-APR-2016,M&M,1384.75,1353.85,0.0226,0.0211,0.0212,0.4050
27-APR-2016,M&MFIN,306.70,302.85,0.0126,0.0329,0.0320,0.6114
27-APR-2016,M100,13.86,13.86,0.0000,0.0118,0.0114,0.2178
27-APR-2016,M50,75.80,75.98,-0.0024,0.0132,0.0128,0.2445
27-APR-2016,MAANALU,32.60,32.00,0.0186,0.0352,0.0344,0.6572
27-APR-2016,MADHAV,48.65,48.90,-0.0051,0.0262,0.0254,0.4853
27-APR-2016,MADHUCON,53.30,52.75,0.0104,0.0305,0.0297,0.5674
27-APR-2016,MADRASFERT,14.95,14.60,0.0237,0.0338,0.0333,0.6362
27-APR-2016,MAGMA,92.85,91.35,0.0163,0.0253,0.0249,0.4757
27-APR-2016,MAGNUM,3.05,3.00,0.0165,0.0315,0.0308,0.5884
27-APR-2016,MAHABANK,30.10,30.25,-0.0050,0.0140,0.0136,0.2598
27-APR-2016,MAHINDCIE,201.90,202.30,-0.0020,0.0304,0.0295,0.5636
27-APR-2016,MAHLIFE,446.05,456.35,-0.0228,0.0142,0.0149,0.2847
27-APR-2016,MAHSCOOTER,1300.00,1303.60,-0.0028,0.0202,0.0196,0.3745
27-APR-2016,MAHSEAMLES,202.00,210.65,-0.0419,0.0481,0.0478,0.9132
27-APR-2016,MAITHANALL,189.50,187.85,0.0087,0.0507,0.0492,0.9400
27-APR-2016,MAJESCO,595.55,598.60,-0.0051,0.0264,0.0256,0.4891
27-APR-2016,MALUPAPER,11.60,10.55,0.0949,0.0442,0.0487,0.9304
27-APR-2016,MALWACOTT,6.95,6.95,0.0000,0.0257,0.0249,0.4757
27-APR-2016,MANAKALUCO,3.35,3.50,-0.0438,0.0561,0.0554,1.0584
27-APR-2016,MANAKCOAT,3.75,3.75,0.0000,0.0407,0.0395,0.7546
27-APR-2016,MANAKINDST,3.70,3.75,-0.0134,0.0468,0.0455,0.8693
27-APR-2016,MANAKSIA,40.45,41.50,-0.0256,0.0260,0.0260,0.4967
27-APR-2016,MANAKSTEEL,8.60,8.75,-0.0173,0.0529,0.0515,0.9839
27-APR-2016,MANALIPETC,30.00,29.55,0.0151,0.0251,0.0246,0.4700
27-APR-2016,MANAPPURAM,40.55,39.95,0.0149,0.0232,0.0228,0.4356
27-APR-2016,MANDHANA,314.75,313.60,0.0037,0.0196,0.0190,0.3630
27-APR-2016,MANGALAM,213.20,224.40,-0.0512,0.0428,0.0433,0.8272
27-APR-2016,MANGCHEFER,46.05,46.20,-0.0033,0.0189,0.0183,0.3496
27-APR-2016,MANGLMCEM,274.45,273.50,0.0035,0.0438,0.0425,0.8120
27-APR-2016,MANGTIMBER,18.05,18.40,-0.0192,0.0345,0.0338,0.6457
27-APR-2016,MANINDS,70.50,70.60,-0.0014,0.0317,0.0307,0.5865
27-APR-2016,MANINFRA,37.30,37.05,0.0067,0.0293,0.0285,0.5445
27-APR-2016,MANPASAND,539.95,540.30,-0.0006,0.0384,0.0372,0.7107
27-APR-2016,MANUGRAPH,52.25,52.75,-0.0095,0.0348,0.0338,0.6457
27-APR-2016,MARALOVER,29.50,29.00,0.0171,0.0307,0.0301,0.5751
27-APR-2016,MARICO,250.00,251.55,-0.0062,0.0174,0.0169,0.3229
27-APR-2016,MARKSANS,47.00,46.75,0.0053,0.0393,0.0381,0.7279
27-APR-2016,MARUTI,3859.40,3871.55,-0.0031,0.0230,0.0223,0.4260
27-APR-2016,MASTEK,147.05,142.30,0.0328,0.0295,0.0297,0.5674
27-APR-2016,MAWANASUG,28.70,28.40,0.0105,0.0461,0.0448,0.8559
27-APR-2016,MAXWELL,54.50,54.60,-0.0018,0.0299,0.0290,0.5540
27-APR-2016,MAYURUNIQ,404.05,404.65,-0.0015,0.0135,0.0131,0.2503
27-APR-2016,MBECL,80.35,76.30,0.0517,0.0293,0.0311,0.5942
27-APR-2016,MBLINFRA,148.15,146.15,0.0136,0.0273,0.0267,0.5101
27-APR-2016,MCDHOLDING,25.00,25.55,-0.0218,0.0269,0.0266,0.5082
27-APR-2016,MCDOWELL-N,2363.45,2404.90,-0.0174,0.0207,0.0205,0.3917
27-APR-2016,MCLEODRUSS,192.15,193.05,-0.0047,0.0168,0.0163,0.3114
27-APR-2016,MCX,891.90,883.35,0.0096,0.0153,0.0150,0.2866
27-APR-2016,MEGASOFT,12.60,12.00,0.0488,0.0459,0.0461,0.8807
27-APR-2016,MEGH,30.75,30.05,0.0230,0.0416,0.0407,0.7776
27-APR-2016,MELSTAR,5.95,5.95,0.0000,0.0223,0.0216,0.4127
27-APR-2016,MENONBE,62.80,63.30,-0.0079,0.0280,0.0272,0.5197
27-APR-2016,MEP,44.00,44.75,-0.0169,0.0277,0.0272,0.5197
27-APR-2016,MERCATOR,27.90,26.95,0.0346,0.0281,0.0285,0.5445
27-APR-2016,MERCK,675.85,673.35,0.0037,0.0135,0.0131,0.2503
27-APR-2016,METALFORGE,59.95,62.15,-0.0360,0.0323,0.0325,0.6209
27-APR-2016,METKORE,2.90,3.05,-0.0504,0.0242,0.0265,0.5063
27-APR-2016,MFSL,367.75,374.70,-0.0187,0.0200,0.0199,0.3802
27-APR-2016,MHRIL,390.05,398.90,-0.0224,0.0167,0.0171,0.3267
27-APR-2016,MIC,20.15,20.35,-0.0099,0.0305,0.0297,0.5674
27-APR-2016,MICROSEC,73.35,74.65,-0.0176,0.0533,0.0519,0.9915
27-APR-2016,MINDACORP,117.50,119.15,-0.0139,0.0216,0.0212,0.4050
27-APR-2016,MINDAIND,1004.80,1003.90,0.0009,0.0279,0.0271,0.5177
27-APR-2016,MINDTREE,699.70,707.35,-0.0109,0.0253,0.0247,0.4719
27-APR-2016,MIRCELECTR,12.50,12.85,-0.0276,0.0334,0.0331,0.6324
27-APR-2016,MIRZAINT,103.75,104.45,-0.0067,0.0230,0.0224,0.4280
27-APR-2016,MMFL,463.15,463.55,-0.0009,0.0214,0.0207,0.3955
27-APR-2016,MMTC,40.70,39.85,0.0211,0.0235,0.0234,0.4471
27-APR-2016,MOHITIND,38.55,39.25,-0.0180,0.0583,0.0567,1.0833
27-APR-2016,MOIL,242.20,235.85,0.0266,0.0283,0.0282,0.5388
27-APR-2016,MOLDTKPAC,149.20,150.15,-0.0063,0.0240,0.0233,0.4451
27-APR-2016,MONNETISPA,24.30,24.55,-0.0102,0.0287,0.0279,0.5330
27-APR-2016,MONSANTO,1822.60,1739.60,0.0466,0.0294,0.0307,0.5865
27-APR-2016,MONTECARLO,396.65,395.40,0.0032,0.0250,0.0243,0.4643
27-APR-2016,MORARJEE,47.70,42.50,0.1154,0.0327,0.0425,0.8120
27-APR-2016,MOREPENLAB,26.95,27.05,-0.0037,0.0321,0.0311,0.5942
27-APR-2016,MOSERBAER,9.10,9.30,-0.0217,0.0216,0.0216,0.4127
27-APR-2016,MOTHERSUMI,263.00,263.45,-0.0017,0.0256,0.0248,0.4738
27-APR-2016,MOTILALOFS,293.85,298.25,-0.0149,0.0171,0.0170,0.3248
27-APR-2016,MOTOGENFIN,42.00,40.95,0.0253,0.0271,0.0270,0.5158
27-APR-2016,MPHASIS,495.00,490.05,0.0101,0.0239,0.0233,0.4451
27-APR-2016,MPSLTD,690.70,700.00,-0.0134,0.0189,0.0186,0.3554
27-APR-2016,MRF,34786.25,35721.05,-0.0265,0.0150,0.0159,0.3038
27-APR-2016,MRO-TEK,42.25,41.55,0.0167,0.0281,0.0275,0.5254
27-APR-2016,MRPL,70.20,69.10,0.0158,0.0327,0.0319,0.6094
27-APR-2016,MSPL,12.70,13.70,-0.0758,0.0654,0.0661,1.2628
27-APR-2016,MTEDUCARE,171.90,172.85,-0.0055,0.0277,0.0269,0.5139
27-APR-2016,MTNL,19.50,18.15,0.0717,0.0173,0.0243,0.4643
27-APR-2016,MUKANDENGG,27.55,27.90,-0.0126,0.0334,0.0325,0.6209
27-APR-2016,MUKANDLTD,36.90,37.50,-0.0161,0.0313,0.0306,0.5846
27-APR-2016,MUKTAARTS,64.90,65.15,-0.0038,0.0485,0.0470,0.8979
27-APR-2016,MUNJALAU,82.25,82.00,0.0030,0.0263,0.0255,0.4872
27-APR-2016,MUNJALSHOW,184.65,182.95,0.0092,0.0180,0.0176,0.3362
27-APR-2016,MURLIIND,1.75,1.75,0.0000,0.0164,0.0159,0.3038
27-APR-2016,MURUDCERA,22.15,22.30,-0.0067,0.0221,0.0215,0.4108
27-APR-2016,MUTHOOTCAP,176.15,167.05,0.0530,0.0271,0.0293,0.5598
27-APR-2016,MUTHOOTFIN,209.00,199.10,0.0485,0.0157,0.0193,0.3687
27-APR-2016,MVL,0.40,0.40,0.0000,0.0917,0.0889,1.6984
27-APR-2016,MYSOREBANK,393.15,390.45,0.0069,0.0134,0.0131,0.2503
27-APR-2016,N100,292.12,298.00,-0.0199,0.0130,0.0135,0.2579
27-APR-2016,NAGAROIL,4.05,4.05,0.0000,0.0429,0.0416,0.7948
27-APR-2016,NAGREEKCAP,13.20,13.20,0.0000,0.0266,0.0258,0.4929
27-APR-2016,NAGREEKEXP,27.20,26.00,0.0451,0.0327,0.0336,0.6419
27-APR-2016,NAHARCAP,66.40,67.30,-0.0135,0.0280,0.0273,0.5216
27-APR-2016,NAHARINDUS,61.95,61.95,0.0000,0.0289,0.0280,0.5349
27-APR-2016,NAHARPOLY,44.25,44.40,-0.0034,0.0465,0.0451,0.8616
27-APR-2016,NAHARSPING,106.90,108.70,-0.0167,0.0268,0.0263,0.5025
27-APR-2016,NAKODA,0.30,0.30,0.0000,0.0980,0.0950,1.8150
27-APR-2016,NATCOPHARM,495.20,489.00,0.0126,0.0291,0.0284,0.5426
27-APR-2016,NATHBIOGEN,90.45,89.40,0.0117,0.0388,0.0377,0.7203
27-APR-2016,NATIONALUM,47.55,45.75,0.0386,0.0300,0.0306,0.5846
27-APR-2016,NATNLSTEEL,13.40,13.60,-0.0148,0.0243,0.0238,0.4547
27-APR-2016,NAUKRI,790.25,790.20,0.0001,0.0168,0.0163,0.3114
27-APR-2016,NAVINFLUOR,1750.45,1700.20,0.0291,0.0327,0.0325,0.6209
27-APR-2016,NAVKARCORP,184.65,188.15,-0.0188,0.0223,0.0221,0.4222
27-APR-2016,NAVNETEDUL,88.75,89.20,-0.0051,0.0190,0.0185,0.3534
27-APR-2016,NBCC,1008.75,1015.85,-0.0070,0.0139,0.0136,0.2598
27-APR-2016,NBVENTURES,164.00,163.00,0.0061,0.0185,0.0180,0.3439
27-APR-2016,NCC,82.00,77.70,0.0539,0.0244,0.0271,0.5177
27-APR-2016,NCLIND,119.75,116.20,0.0301,0.0372,0.0368,0.7031
27-APR-2016,NDL,136.25,136.35,-0.0007,0.0297,0.0288,0.5502
27-APR-2016,NDTV,100.45,100.40,0.0005,0.0255,0.0247,0.4719
27-APR-2016,NECCLTD,37.30,37.65,-0.0093,0.0452,0.0439,0.8387
27-APR-2016,NECLIFE,37.30,37.55,-0.0067,0.0234,0.0227,0.4337
27-APR-2016,NELCAST,60.70,58.55,0.0361,0.0280,0.0285,0.5445
27-APR-2016,NELCO,100.75,99.90,0.0085,0.0301,0.0293,0.5598
27-APR-2016,NEPCMICON,1.50,1.50,0.0000,0.0272,0.0264,0.5044
27-APR-2016,NESCO,1546.00,1557.10,-0.0072,0.0128,0.0125,0.2388
27-APR-2016,NESTLEIND,5885.85,5830.65,0.0094,0.0175,0.0171,0.3267
27-APR-2016,NET4,2.10,2.10,0.0000,0.0223,0.0216,0.4127
27-APR-2016,NETWORK18,41.65,41.75,-0.0024,0.0230,0.0223,0.4260
27-APR-2016,NEULANDLAB,762.75,747.80,0.0198,0.0253,0.0250,0.4776
27-APR-2016,NEXTMEDIA,22.40,22.55,-0.0067,0.0626,0.0607,1.1597
27-APR-2016,NEYVELILIG,70.95,71.20,-0.0035,0.0219,0.0213,0.4069
27-APR-2016,NFL,31.90,31.85,0.0016,0.0245,0.0238,0.4547
27-APR-2016,NGCT,1.60,1.60,0.0000,0.0229,0.0222,0.4241
27-APR-2016,NH,300.10,300.00,0.0003,0.0143,0.0139,0.2656
27-APR-2016,NHPC,21.55,23.10,-0.0695,0.0197,0.0256,0.4891
27-APR-2016,NIBL,45.00,44.40,0.0134,0.0277,0.0271,0.5177
27-APR-2016,NICCO,0.40,0.40,0.0000,0.0742,0.0719,1.3736
27-APR-2016,NIFTYBEES,806.90,806.31,0.0007,0.0099,0.0096,0.1834
27-APR-2016,NIFTYEES,8055.83,8055.83,0.0000,0.0152,0.0147,0.2808
27-APR-2016,NIITLTD,82.35,82.70,-0.0042,0.0259,0.0251,0.4795
27-APR-2016,NIITTECH,480.75,486.95,-0.0128,0.0217,0.0213,0.4069
27-APR-2016,NILAINFRA,13.55,13.70,-0.0110,0.0253,0.0247,0.4719
27-APR-2016,NILKAMAL,1272.15,1281.85,-0.0076,0.0340,0.0330,0.6305
27-APR-2016,NIPPOBATRY,894.00,887.35,0.0075,0.0171,0.0167,0.3191
27-APR-2016,NIRVIKARA,40.00,40.45,-0.0112,0.0352,0.0342,0.6534
27-APR-2016,NITCO,41.50,41.90,-0.0096,0.0370,0.0359,0.6859
27-APR-2016,NITESHEST,14.20,12.90,0.0960,0.0201,0.0305,0.5827
27-APR-2016,NITINFIRE,37.45,34.55,0.0806,0.0223,0.0293,0.5598
27-APR-2016,NITINSPIN,71.50,71.55,-0.0007,0.0303,0.0294,0.5617
27-APR-2016,NKIND,39.85,39.85,0.0000,0.2267,0.2198,4.1993
27-APR-2016,NMDC,98.75,97.95,0.0081,0.0199,0.0194,0.3706
27-APR-2016,NOCIL,54.50,50.65,0.0733,0.0246,0.0298,0.5693
27-APR-2016,NOESISIND,0.40,0.40,0.0000,0.0540,0.0524,1.0011
27-APR-2016,NOIDATOLL,22.50,22.65,-0.0066,0.0102,0.0100,0.1910
27-APR-2016,NORBTEAEXP,7.30,7.95,-0.0853,0.0493,0.0522,0.9973
27-APR-2016,NRBBEARING,129.10,129.95,-0.0066,0.0138,0.0135,0.2579
27-APR-2016,NSIL,607.00,602.20,0.0079,0.0231,0.0225,0.4299
27-APR-2016,NTPC,140.70,140.20,0.0036,0.0167,0.0162,0.3095
27-APR-2016,NUCLEUS,208.95,208.35,0.0029,0.0271,0.0263,0.5025
27-APR-2016,NUTEK,0.60,0.65,-0.0800,0.0656,0.0666,1.2724
27-APR-2016,OBEROIRLTY,285.30,281.50,0.0134,0.0381,0.0371,0.7088
27-APR-2016,OCCL,478.65,478.55,0.0002,0.0217,0.0210,0.4012
27-APR-2016,OCL,494.35,492.65,0.0034,0.0262,0.0254,0.4853
27-APR-2016,OFSS,3552.15,3551.55,0.0002,0.0119,0.0115,0.2197
27-APR-2016,OIL,327.90,318.90,0.0278,0.0102,0.0120,0.2293
27-APR-2016,OILCOUNTUB,29.65,29.00,0.0222,0.0381,0.0373,0.7126
27-APR-2016,OISL,13.75,12.90,0.0638,0.0683,0.0680,1.2991
27-APR-2016,OMAXAUTO,66.20,66.15,0.0008,0.0281,0.0272,0.5197
27-APR-2016,OMAXE,146.25,145.90,0.0024,0.0067,0.0065,0.1242
27-APR-2016,OMKARCHEM,181.30,182.35,-0.0058,0.0225,0.0219,0.4184
27-APR-2016,OMMETALS,49.60,50.60,-0.0200,0.0290,0.0285,0.5445
27-APR-2016,OMNITECH,3.50,3.35,0.0438,0.0331,0.0338,0.6457
27-APR-2016,ONELIFECAP,29.65,29.60,0.0017,0.0360,0.0349,0.6668
27-APR-2016,ONGC,221.80,214.30,0.0344,0.0181,0.0195,0.3725
27-APR-2016,ONMOBILE,119.50,119.30,0.0017,0.0174,0.0169,0.3229
27-APR-2016,ONWARDTEC,72.65,72.35,0.0041,0.0357,0.0346,0.6610
27-APR-2016,OPTOCIRCUI,11.15,11.50,-0.0309,0.0351,0.0349,0.6668
27-APR-2016,ORBITCORP,6.15,6.05,0.0164,0.0257,0.0252,0.4814
27-APR-2016,ORBTEXP,270.30,270.35,-0.0002,0.0242,0.0235,0.4490
27-APR-2016,ORCHIDPHAR,42.25,41.95,0.0071,0.0380,0.0369,0.7050
27-APR-2016,ORICONENT,57.85,58.20,-0.0060,0.0365,0.0354,0.6763
27-APR-2016,ORIENTABRA,46.50,47.90,-0.0297,0.0275,0.0276,0.5273
27-APR-2016,ORIENTALTL,10.15,9.70,0.0453,0.0414,0.0416,0.7948
27-APR-2016,ORIENTBANK,96.20,96.90,-0.0073,0.0287,0.0279,0.5330
27-APR-2016,ORIENTBELL,166.20,166.05,0.0009,0.0286,0.0277,0.5292
27-APR-2016,ORIENTCEM,150.75,153.15,-0.0158,0.0158,0.0158,0.3019
27-APR-2016,ORIENTHOT,22.30,22.40,-0.0045,0.0205,0.0199,0.3802
27-APR-2016,ORIENTLTD,57.00,54.65,0.0421,0.0302,0.0310,0.5923
27-APR-2016,ORIENTPPR,39.50,39.80,-0.0076,0.0321,0.0312,0.5961
27-APR-2016,ORIENTREF,82.90,81.85,0.0127,0.0193,0.0190,0.3630
27-APR-2016,ORISSAMINE,2054.35,2056.30,-0.0009,0.0261,0.0253,0.4834
27-APR-2016,ORTEL,188.35,186.95,0.0075,0.0226,0.0220,0.4203
27-APR-2016,ORTINLABSS,18.20,18.10,0.0055,0.0349,0.0339,0.6477
27-APR-2016,OUDHSUG,74.15,75.85,-0.0227,0.0621,0.0605,1.1559
27-APR-2016,PAEL,12.15,12.40,-0.0204,0.0372,0.0364,0.6954
27-APR-2016,PAGEIND,12979.30,12854.70,0.0096,0.0251,0.0244,0.4662
27-APR-2016,PANACEABIO,90.80,90.65,0.0017,0.0155,0.0150,0.2866
27-APR-2016,PANAMAPET,68.10,68.80,-0.0102,0.0226,0.0221,0.4222
27-APR-2016,PANORAMUNI,13.40,13.50,-0.0074,0.0444,0.0431,0.8234
27-APR-2016,PAPERPROD,226.05,221.50,0.0203,0.0222,0.0221,0.4222
27-APR-2016,PARABDRUGS,4.75,4.90,-0.0311,0.0305,0.0305,0.5827
27-APR-2016,PARACABLES,2.65,2.55,0.0385,0.0322,0.0326,0.6228
27-APR-2016,PARAPRINT,1.00,1.00,0.0000,0.0165,0.0160,0.3057
27-APR-2016,PARASPETRO,0.15,0.15,0.0000,0.2091,0.2027,3.8726
27-APR-2016,PARRYSUGAR,41.90,40.05,0.0452,0.0477,0.0476,0.9094
27-APR-2016,PARSVNATH,19.10,19.20,-0.0052,0.0332,0.0322,0.6152
27-APR-2016,PATELENG,57.75,57.05,0.0122,0.0229,0.0224,0.4280
27-APR-2016,PATINTLOG,98.50,99.10,-0.0061,0.0267,0.0259,0.4948
27-APR-2016,PATSPINLTD,8.60,8.65,-0.0058,0.0331,0.0321,0.6133
27-APR-2016,PBAINFRA,17.20,17.45,-0.0144,0.0518,0.0503,0.9610
27-APR-2016,PCJEWELLER,365.15,357.10,0.0223,0.0254,0.0252,0.4814
27-APR-2016,PDMJEPAPER,15.50,15.80,-0.0192,0.0275,0.0271,0.5177
27-APR-2016,PDPL,40.75,40.65,0.0025,0.0285,0.0276,0.5273
27-APR-2016,PDSMFL,175.50,176.00,-0.0028,0.0137,0.0133,0.2541
27-APR-2016,PDUMJEIND,10.05,9.60,0.0458,0.0484,0.0482,0.9209
27-APR-2016,PDUMJEPULP,18.25,18.45,-0.0109,0.0356,0.0346,0.6610
27-APR-2016,PEARLPOLY,16.00,16.75,-0.0458,0.0465,0.0465,0.8884
27-APR-2016,PEL,1108.85,1098.95,0.0090,0.0185,0.0181,0.3458
27-APR-2016,PENIND,49.05,48.45,0.0123,0.0302,0.0294,0.5617
27-APR-2016,PENINLAND,19.15,19.30,-0.0078,0.0269,0.0262,0.5006
27-APR-2016,PENPEBS,150.60,148.80,0.0120,0.0308,0.0300,0.5731
27-APR-2016,PERSISTENT,749.65,730.80,0.0255,0.0264,0.0263,0.5025
27-APR-2016,PETRONENGG,203.85,204.80,-0.0046,0.0364,0.0353,0.6744
27-APR-2016,PETRONET,263.55,262.55,0.0038,0.0205,0.0199,0.3802
27-APR-2016,PFC,179.30,182.00,-0.0149,0.0237,0.0233,0.4451
27-APR-2016,PFIZER,1755.30,1761.25,-0.0034,0.0156,0.0151,0.2885
27-APR-2016,PFOCUS,53.85,56.35,-0.0454,0.0233,0.0252,0.4814
27-APR-2016,PFS,41.00,39.50,0.0373,0.0236,0.0246,0.4700
27-APR-2016,PGEL,122.45,123.75,-0.0106,0.0431,0.0419,0.8005
27-APR-2016,PGHH,6423.65,6428.40,-0.0007,0.0132,0.0128,0.2445
27-APR-2016,PGIL,231.10,233.65,-0.0110,0.0158,0.0156,0.2980
27-APR-2016,PHILIPCARB,122.35,122.70,-0.0029,0.0359,0.0348,0.6649
27-APR-2016,PHOENIXLL,103.80,104.95,-0.0110,0.0202,0.0198,0.3783
27-APR-2016,PHOENIXLTD,313.00,303.25,0.0316,0.0218,0.0225,0.4299
27-APR-2016,PIDILITIND,606.40,605.85,0.0009,0.0141,0.0137,0.2617
27-APR-2016,PIIND,634.50,644.35,-0.0154,0.0259,0.0254,0.4853
27-APR-2016,PILANIINVS,1264.95,1271.00,-0.0048,0.0175,0.0170,0.3248
27-APR-2016,PILITA,14.15,13.85,0.0214,0.0530,0.0517,0.9877
27-APR-2016,PIONDIST,133.60,131.55,0.0155,0.0450,0.0438,0.8368
27-APR-2016,PIONEEREMB,54.10,51.55,0.0483,0.0350,0.0359,0.6859
27-APR-2016,PIRPHYTO,87.45,85.60,0.0214,0.0460,0.0449,0.8578
27-APR-2016,PITTILAM,35.45,35.80,-0.0098,0.0412,0.0400,0.7642
27-APR-2016,PKTEA,140.00,136.95,0.0220,0.0410,0.0401,0.7661
27-APR-2016,PLASTIBLEN,422.40,423.35,-0.0022,0.0174,0.0169,0.3229
27-APR-2016,PNB,90.10,90.15,-0.0006,0.0246,0.0239,0.4566
27-APR-2016,PNBGILTS,24.55,24.70,-0.0061,0.0099,0.0097,0.1853
27-APR-2016,PNC,14.40,14.75,-0.0240,0.0397,0.0389,0.7432
27-APR-2016,PNCINFRA,530.00,528.10,0.0036,0.0160,0.0155,0.2961
27-APR-2016,PNEUMATIC,725.00,725.00,0.0000,0.0392,0.0380,0.7260
27-APR-2016,POCHIRAJU,8.10,8.20,-0.0123,0.0369,0.0359,0.6859
27-APR-2016,POLARIND,1.95,1.95,0.0000,0.0016,0.0016,0.0306
27-APR-2016,POLARIS,191.85,190.25,0.0084,0.0198,0.0193,0.3687
27-APR-2016,POLYMED,279.80,279.70,0.0004,0.0249,0.0241,0.4604
27-APR-2016,POLYPLEX,223.00,220.45,0.0115,0.0205,0.0201,0.3840
27-APR-2016,PONNIERODE,186.80,186.20,0.0032,0.0345,0.0335,0.6400
27-APR-2016,POWERGRID,144.35,145.15,-0.0055,0.0115,0.0112,0.2140
27-APR-2016,POWERMECH,604.95,602.10,0.0047,0.0161,0.0157,0.2999
27-APR-2016,PPAP,146.35,138.35,0.0562,0.0281,0.0305,0.5827
27-APR-2016,PRABHAT,117.25,118.10,-0.0072,0.0313,0.0304,0.5808
27-APR-2016,PRADIP,1.50,1.50,0.0000,0.0334,0.0324,0.6190
27-APR-2016,PRAENG,6.40,6.55,-0.0232,0.0322,0.0317,0.6056
27-APR-2016,PRAJIND,95.40,95.75,-0.0037,0.0225,0.0218,0.4165
27-APR-2016,PRAKASH,43.55,44.45,-0.0205,0.0434,0.0424,0.8101
27-APR-2016,PRAKASHCON,6.70,6.50,0.0303,0.0407,0.0402,0.7680
27-APR-2016,PRAKASHSTL,11.35,11.35,0.0000,0.0707,0.0685,1.3087
27-APR-2016,PRATIBHA,33.95,33.80,0.0044,0.0256,0.0248,0.4738
27-APR-2016,PRECAM,148.20,146.00,0.0150,0.0177,0.0175,0.3343
27-APR-2016,PRECOT,45.25,46.00,-0.0164,0.0379,0.0370,0.7069
27-APR-2016,PRECWIRE,74.50,74.10,0.0054,0.0225,0.0219,0.4184
27-APR-2016,PREMIER,36.50,36.95,-0.0123,0.0321,0.0313,0.5980
27-APR-2016,PREMIERPOL,21.05,21.10,-0.0024,0.0388,0.0376,0.7183
27-APR-2016,PRESSMN,49.15,49.15,0.0000,0.0369,0.0358,0.6840
27-APR-2016,PRESTIGE,168.85,172.70,-0.0225,0.0333,0.0328,0.6266
27-APR-2016,PRICOL,52.45,53.35,-0.0170,0.0345,0.0337,0.6438
27-APR-2016,PRIMESECU,3.55,3.40,0.0432,0.0419,0.0420,0.8024
27-APR-2016,PRISMCEM,87.00,87.50,-0.0057,0.0231,0.0224,0.4280
27-APR-2016,PROVOGE,5.00,5.00,0.0000,0.0237,0.0230,0.4394
27-APR-2016,PROZONINTU,27.30,27.40,-0.0037,0.0264,0.0256,0.4891
27-APR-2016,PSB,37.15,37.10,0.0013,0.0212,0.0206,0.3936
27-APR-2016,PSL,7.45,7.45,0.0000,0.0205,0.0199,0.3802
27-APR-2016,PSUBNKBEES,281.03,283.42,-0.0085,0.0217,0.0211,0.4031
27-APR-2016,PTC,64.25,64.60,-0.0054,0.0175,0.0170,0.3248
27-APR-2016,PTL,138.80,138.40,0.0029,0.0271,0.0263,0.5025
27-APR-2016,PUNJABCHEM,160.75,163.35,-0.0160,0.0308,0.0301,0.5751
27-APR-2016,PUNJLLOYD,23.50,23.30,0.0085,0.0151,0.0148,0.2828
27-APR-2016,PURVA,52.65,52.95,-0.0057,0.0275,0.0267,0.5101
27-APR-2016,PVP,4.75,4.75,0.0000,0.0255,0.0247,0.4719
27-APR-2016,PVR,815.20,815.45,-0.0003,0.0207,0.0201,0.3840
27-APR-2016,QGOLDHALF,1324.45,1316.60,0.0059,0.0079,0.0078,0.1490
27-APR-2016,QNIFTY,829.60,829.60,0.0000,0.0101,0.0098,0.1872
27-APR-2016,QUICKHEAL,273.70,274.75,-0.0038,0.0399,0.0387,0.7394
27-APR-2016,QUINTEGRA,0.90,0.90,0.0000,0.0102,0.0099,0.1891
27-APR-2016,RADAAN,1.65,1.70,-0.0299,0.0237,0.0241,0.4604
27-APR-2016,RADICO,90.90,91.85,-0.0104,0.0208,0.0203,0.3878
27-APR-2016,RAIN,34.85,34.30,0.0159,0.0253,0.0248,0.4738
27-APR-2016,RAINBOWPAP,8.20,8.60,-0.0476,0.0541,0.0537,1.0259
27-APR-2016,RAIREKMOH,115.35,116.55,-0.0103,0.0315,0.0306,0.5846
27-APR-2016,RAJESHEXPO,573.00,566.15,0.0120,0.0248,0.0242,0.4623
27-APR-2016,RAJOIL,1.35,1.30,0.0377,0.0414,0.0412,0.7871
27-APR-2016,RAJRAYON,0.40,0.40,0.0000,0.0742,0.0719,1.3736
27-APR-2016,RAJSREESUG,45.45,47.15,-0.0367,0.0597,0.0586,1.1196
27-APR-2016,RAJTV,57.75,57.75,0.0000,0.0315,0.0305,0.5827
27-APR-2016,RAJVIR,46.95,49.40,-0.0509,0.0312,0.0327,0.6247
27-APR-2016,RALLIS,197.20,193.20,0.0205,0.0238,0.0236,0.4509
27-APR-2016,RAMANEWS,23.45,23.00,0.0194,0.0260,0.0257,0.4910
27-APR-2016,RAMASTEEL,92.25,91.05,0.0131,0.0180,0.0177,0.3382
27-APR-2016,RAMCOCEM,454.40,450.90,0.0077,0.0232,0.0226,0.4318
27-APR-2016,RAMCOIND,119.20,119.25,-0.0004,0.0318,0.0308,0.5884
27-APR-2016,RAMCOSYS,772.15,780.95,-0.0113,0.0217,0.0212,0.4050
27-APR-2016,RAMKY,57.85,58.90,-0.0180,0.0408,0.0398,0.7604
27-APR-2016,RAMSARUP,1.55,1.55,0.0000,0.0274,0.0266,0.5082
27-APR-2016,RANASUG,6.30,6.50,-0.0313,0.0615,0.0601,1.1482
27-APR-2016,RANEENGINE,451.00,455.00,-0.0088,0.0174,0.0170,0.3248
27-APR-2016,RANEHOLDIN,566.95,570.00,-0.0054,0.0171,0.0166,0.3171
27-APR-2016,RASOYPR,0.20,0.25,-0.2231,0.1687,0.1725,3.2956
27-APR-2016,RATNAMANI,494.85,496.60,-0.0035,0.0213,0.0207,0.3955
27-APR-2016,RAYMOND,418.55,398.95,0.0480,0.0138,0.0178,0.3401
27-APR-2016,RBL,376.00,382.90,-0.0182,0.0200,0.0199,0.3802
27-APR-2016,RCF,48.65,48.10,0.0114,0.0287,0.0280,0.5349
27-APR-2016,RCOM,59.40,57.55,0.0316,0.0234,0.0240,0.4585
27-APR-2016,RDEL,67.00,66.90,0.0015,0.0240,0.0233,0.4451
27-APR-2016,RECLTD,182.30,183.50,-0.0066,0.0245,0.0238,0.4547
27-APR-2016,REDINGTON,112.75,114.40,-0.0145,0.0129,0.0130,0.2484
27-APR-2016,REFEX,8.10,7.90,0.0250,0.0292,0.0290,0.5540
27-APR-2016,REGENCERAM,3.35,3.35,0.0000,0.0171,0.0166,0.3171
27-APR-2016,REIAGROLTD,0.45,0.40,0.1178,0.0735,0.0769,1.4692
27-APR-2016,REISIXTEN,0.35,0.35,0.0000,0.1175,0.1139,2.1761
27-APR-2016,RELAXO,504.80,497.80,0.0140,0.0388,0.0378,0.7222
27-APR-2016,RELBANK,1809.50,1827.05,-0.0097,0.0148,0.0145,0.2770
27-APR-2016,RELCAPITAL,403.90,408.20,-0.0106,0.0219,0.0214,0.4088
27-APR-2016,RELCNX100,81.67,81.94,-0.0033,0.0173,0.0168,0.3210
27-APR-2016,RELCONS,35.50,35.50,0.0000,0.0320,0.0310,0.5923
27-APR-2016,RELDIVOPP,18.25,19.29,-0.0554,0.0326,0.0344,0.6572
27-APR-2016,RELGOLD,2573.60,2560.35,0.0052,0.0061,0.0060,0.1146
27-APR-2016,RELGRNIFTY,790.00,790.00,0.0000,0.0348,0.0337,0.6438
27-APR-2016,RELIANCE,1019.40,1016.95,0.0024,0.0127,0.0123,0.2350
27-APR-2016,RELIGARE,275.50,272.30,0.0117,0.0141,0.0140,0.2675
27-APR-2016,RELIGAREGO,2729.00,2725.55,0.0013,0.0164,0.0159,0.3038
27-APR-2016,RELINFRA,550.10,553.00,-0.0053,0.0247,0.0240,0.4585
27-APR-2016,RELNIFTY,82.00,82.09,-0.0011,0.0130,0.0126,0.2407
27-APR-2016,RELNV20,365.75,365.55,0.0005,0.0303,0.0294,0.5617
27-APR-2016,REMSONSIND,49.45,46.00,0.0723,0.0563,0.0574,1.0966
27-APR-2016,RENUKA,13.50,13.60,-0.0074,0.0290,0.0282,0.5388
27-APR-2016,REPCOHOME,651.50,665.05,-0.0206,0.0175,0.0177,0.3382
27-APR-2016,REPRO,428.25,425.10,0.0074,0.0345,0.0335,0.6400
27-APR-2016,RESPONIND,77.20,76.75,0.0058,0.0239,0.0232,0.4432
27-APR-2016,REVATHI,720.00,694.95,0.0354,0.0224,0.0234,0.4471
27-APR-2016,RICOAUTO,38.90,38.00,0.0234,0.0340,0.0335,0.6400
27-APR-2016,RIIL,427.25,428.10,-0.0020,0.0198,0.0192,0.3668
27-APR-2016,RJL,136.75,138.35,-0.0116,0.0257,0.0251,0.4795
27-APR-2016,RKDL,7.75,7.80,-0.0064,0.0263,0.0255,0.4872
27-APR-2016,RKFORGE,408.35,405.65,0.0066,0.0255,0.0248,0.4738
27-APR-2016,RMCL,10.90,10.95,-0.0046,0.0282,0.0274,0.5235
27-APR-2016,RML,345.15,349.65,-0.0130,0.0257,0.0251,0.4795
27-APR-2016,RMMIL,0.90,0.90,0.0000,0.0391,0.0379,0.7241
27-APR-2016,ROHITFERRO,4.70,4.75,-0.0106,0.0348,0.0338,0.6457
27-APR-2016,ROHLTD,81.35,82.00,-0.0080,0.0447,0.0434,0.8292
27-APR-2016,ROLTA,77.85,77.35,0.0064,0.0178,0.0173,0.3305
27-APR-2016,ROSSELLIND,118.70,120.60,-0.0159,0.0270,0.0265,0.5063
27-APR-2016,RPGLIFE,277.90,274.60,0.0119,0.0359,0.0349,0.6668
27-APR-2016,RPOWER,53.30,53.50,-0.0037,0.0199,0.0193,0.3687
27-APR-2016,RPPINFRA,145.45,147.05,-0.0109,0.0292,0.0284,0.5426
27-APR-2016,RSSOFTWARE,108.15,110.10,-0.0179,0.0616,0.0599,1.1444
27-APR-2016,RSWM,326.80,328.40,-0.0049,0.0224,0.0218,0.4165
27-APR-2016,RSYSTEMS,63.50,63.35,0.0024,0.0146,0.0142,0.2713
27-APR-2016,RTNINFRA,3.50,3.45,0.0144,0.0227,0.0223,0.4260
27-APR-2016,RTNPOWER,10.05,9.90,0.0150,0.0264,0.0259,0.4948
27-APR-2016,RUBYMILLS,399.50,392.80,0.0169,0.0492,0.0479,0.9151
27-APR-2016,RUCHINFRA,7.00,7.30,-0.0420,0.0353,0.0357,0.6820
27-APR-2016,RUCHIRA,73.35,72.45,0.0123,0.0276,0.0269,0.5139
27-APR-2016,RUCHISOYA,30.05,29.15,0.0304,0.0287,0.0288,0.5502
27-APR-2016,RUPA,294.70,298.25,-0.0120,0.0416,0.0404,0.7718
27-APR-2016,RUSHIL,282.75,275.25,0.0269,0.0588,0.0574,1.0966
27-APR-2016,SABTN,268.50,268.75,-0.0009,0.0177,0.0172,0.3286
27-APR-2016,SADBHAV,271.20,285.35,-0.0509,0.0251,0.0273,0.5216
27-APR-2016,SADBHIN,99.80,101.90,-0.0208,0.0254,0.0251,0.4795
27-APR-2016,SAGCEM,563.85,568.95,-0.0090,0.0444,0.0431,0.8234
27-APR-2016,SAIL,45.95,46.20,-0.0054,0.0237,0.0230,0.4394
27-APR-2016,SAKHTISUG,38.50,38.80,-0.0078,0.0486,0.0472,0.9018
27-APR-2016,SAKSOFT,225.45,226.70,-0.0055,0.0334,0.0324,0.6190
27-APR-2016,SAKUMA,68.75,70.25,-0.0216,0.0365,0.0358,0.6840
27-APR-2016,SALORAINTL,51.05,48.05,0.0606,0.0379,0.0396,0.7566
27-APR-2016,SALSTEEL,2.95,2.95,0.0000,0.0350,0.0339,0.6477
27-APR-2016,SALZERELEC,214.20,216.00,-0.0084,0.0276,0.0268,0.5120
27-APR-2016,SAMBHAAV,4.60,4.70,-0.0215,0.0348,0.0341,0.6515
27-APR-2016,SAMTEL,0.55,0.50,0.0953,0.0522,0.0557,1.0641
27-APR-2016,SANDESH,734.10,743.15,-0.0123,0.0149,0.0148,0.2828
27-APR-2016,SANGAMIND,280.70,265.00,0.0576,0.0165,0.0213,0.4069
27-APR-2016,SANGHIIND,75.60,72.90,0.0364,0.0371,0.0371,0.7088
27-APR-2016,SANGHVIFOR,45.40,45.20,0.0044,0.0251,0.0244,0.4662
27-APR-2016,SANGHVIMOV,293.75,294.85,-0.0037,0.0192,0.0186,0.3554
27-APR-2016,SANOFI,4407.95,4210.75,0.0458,0.0146,0.0181,0.3458
27-APR-2016,SANWARIA,5.75,5.65,0.0175,0.0410,0.0400,0.7642
27-APR-2016,SARDAEN,117.00,119.60,-0.0220,0.0366,0.0359,0.6859
27-APR-2016,SAREGAMA,323.90,284.70,0.1290,0.0299,0.0429,0.8196
27-APR-2016,SARLAPOLY,65.15,65.00,0.0023,0.0258,0.0250,0.4776
27-APR-2016,SASKEN,343.25,346.15,-0.0084,0.0374,0.0363,0.6935
27-APR-2016,SATHAISPAT,50.50,50.85,-0.0069,0.0368,0.0357,0.6820
27-APR-2016,SATIN,320.95,322.20,-0.0039,0.0306,0.0297,0.5674
27-APR-2016,SBBJ,527.20,524.35,0.0054,0.0122,0.0119,0.2273
27-APR-2016,SBIN,196.15,200.95,-0.0242,0.0259,0.0258,0.4929
27-APR-2016,SBT,383.45,387.40,-0.0102,0.0119,0.0118,0.2254
27-APR-2016,SCHNEIDER,143.30,143.90,-0.0042,0.0204,0.0198,0.3783
27-APR-2016,SCI,72.30,72.75,-0.0062,0.0225,0.0219,0.4184
27-APR-2016,SDBL,179.55,180.65,-0.0061,0.0162,0.0158,0.3019
27-APR-2016,SEAMECLTD,92.75,88.20,0.0503,0.0320,0.0334,0.6381
27-APR-2016,SEINV,181.05,186.00,-0.0270,0.0305,0.0303,0.5789
27-APR-2016,SELAN,197.30,184.30,0.0682,0.0232,0.0280,0.5349
27-APR-2016,SELMCL,3.25,3.35,-0.0303,0.0248,0.0252,0.4814
27-APR-2016,SEPOWER,6.50,6.45,0.0077,0.0589,0.0571,1.0909
27-APR-2016,SEQUENT,151.90,153.15,-0.0082,0.0321,0.0312,0.5961
27-APR-2016,SERVALL,3.40,3.45,-0.0146,0.0275,0.0269,0.5139
27-APR-2016,SESHAPAPER,243.95,247.50,-0.0144,0.0206,0.0203,0.3878
27-APR-2016,SETFGOLD,2714.10,2703.40,0.0040,0.0082,0.0080,0.1528
27-APR-2016,SETFNIF50,80.40,79.85,0.0069,0.0175,0.0170,0.3248
27-APR-2016,SETFNIFBK,170.86,170.50,0.0021,0.0166,0.0161,0.3076
27-APR-2016,SETFNN50,203.99,203.99,0.0000,0.0209,0.0203,0.3878
27-APR-2016,SEZAL,5.90,5.95,-0.0084,0.0513,0.0498,0.9514
27-APR-2016,SFCL,123.85,124.10,-0.0020,0.0203,0.0197,0.3764
27-APR-2016,SGFL,2.60,2.60,0.0000,0.0165,0.0160,0.3057
27-APR-2016,SGJHL,7.65,7.50,0.0198,0.0370,0.0362,0.6916
27-APR-2016,SGL,4.50,4.20,0.0690,0.0727,0.0725,1.3851
27-APR-2016,SHAHALLOYS,8.65,8.00,0.0781,0.0515,0.0535,1.0221
27-APR-2016,SHAKTIPUMP,174.20,172.60,0.0092,0.0397,0.0386,0.7375
27-APR-2016,SHALPAINTS,139.05,141.55,-0.0178,0.0412,0.0402,0.7680
27-APR-2016,SHANTIGEAR,96.55,94.15,0.0252,0.0204,0.0207,0.3955
27-APR-2016,SHARDACROP,261.95,262.25,-0.0011,0.0264,0.0256,0.4891
27-APR-2016,SHARDAMOTR,900.00,862.00,0.0431,0.0232,0.0249,0.4757
27-APR-2016,SHARIABEES,188.50,177.60,0.0596,0.0232,0.0268,0.5120
27-APR-2016,SHARONBIO,12.80,12.70,0.0078,0.0375,0.0364,0.6954
27-APR-2016,SHEMAROO,325.40,327.70,-0.0070,0.0250,0.0243,0.4643
27-APR-2016,SHILPAMED,483.90,479.05,0.0101,0.0387,0.0376,0.7183
27-APR-2016,SHILPI,58.15,54.55,0.0639,0.0218,0.0263,0.5025
27-APR-2016,SHIRPUR-G,82.90,82.75,0.0018,0.0481,0.0466,0.8903
27-APR-2016,SHIVAMAUTO,47.35,48.30,-0.0199,0.0320,0.0314,0.5999
27-APR-2016,SHIVTEX,107.10,110.20,-0.0285,0.0294,0.0293,0.5598
27-APR-2016,SHK,232.10,235.80,-0.0158,0.0180,0.0179,0.3420
27-APR-2016,SHOPERSTOP,381.30,375.00,0.0167,0.0161,0.0161,0.3076
27-APR-2016,SHREECEM,12726.05,12537.30,0.0149,0.0179,0.0177,0.3382
27-APR-2016,SHREEPUSHK,136.95,139.15,-0.0159,0.0249,0.0245,0.4681
27-APR-2016,SHREERAMA,5.80,5.90,-0.0171,0.0329,0.0322,0.6152
27-APR-2016,SHRENUJ,4.95,5.45,-0.0962,0.0489,0.0529,1.0107
27-APR-2016,SHREYANIND,36.25,35.25,0.0280,0.0607,0.0592,1.1310
27-APR-2016,SHREYAS,337.45,333.15,0.0128,0.0459,0.0446,0.8521
27-APR-2016,SHRIASTER,3.05,3.20,-0.0480,0.0318,0.0330,0.6305
27-APR-2016,SHRIRAMCIT,1654.15,1693.15,-0.0233,0.0226,0.0226,0.4318
27-APR-2016,SHRIRAMEPC,25.80,25.80,0.0000,0.0202,0.0196,0.3745
27-APR-2016,SHYAMCENT,6.50,6.35,0.0233,0.0330,0.0325,0.6209
27-APR-2016,SHYAMTEL,31.75,30.95,0.0255,0.0233,0.0234,0.4471
27-APR-2016,SICAGEN,18.35,18.55,-0.0108,0.0262,0.0255,0.4872
27-APR-2016,SICAL,136.40,132.35,0.0301,0.0240,0.0244,0.4662
27-APR-2016,SIEMENS,1182.35,1174.90,0.0063,0.0160,0.0156,0.2980
27-APR-2016,SIGNET,29.55,32.60,-0.0982,0.0420,0.0473,0.9037
27-APR-2016,SIL,25.05,25.55,-0.0198,0.0182,0.0183,0.3496
27-APR-2016,SILINV,82.90,83.10,-0.0024,0.0409,0.0397,0.7585
27-APR-2016,SIMBHALS,32.30,32.55,-0.0077,0.0496,0.0481,0.9189
27-APR-2016,SIMPLEX,31.45,31.75,-0.0095,0.0639,0.0620,1.1845
27-APR-2016,SIMPLEXINF,271.05,269.85,0.0044,0.0321,0.0311,0.5942
27-APR-2016,SINTEX,84.15,84.20,-0.0006,0.0221,0.0214,0.4088
27-APR-2016,SITASHREE,10.25,10.50,-0.0241,0.0266,0.0265,0.5063
27-APR-2016,SITICABLE,35.40,35.20,0.0057,0.0096,0.0094,0.1796
27-APR-2016,SIYSIL,1083.35,1077.40,0.0055,0.0185,0.0180,0.3439
27-APR-2016,SJVN,28.90,29.45,-0.0189,0.0187,0.0187,0.3573
27-APR-2016,SKFINDIA,1303.35,1295.50,0.0060,0.0122,0.0119,0.2273
27-APR-2016,SKIL,29.95,29.20,0.0254,0.0333,0.0329,0.6286
27-APR-2016,SKIPPER,148.75,148.85,-0.0007,0.0276,0.0268,0.5120
27-APR-2016,SKMEGGPROD,92.55,94.10,-0.0166,0.0362,0.0353,0.6744
27-APR-2016,SKSMICRO,594.65,586.20,0.0143,0.0199,0.0196,0.3745
27-APR-2016,SMARTLINK,104.50,104.65,-0.0014,0.0236,0.0229,0.4375
27-APR-2016,SMLISUZU,909.85,907.55,0.0025,0.0253,0.0245,0.4681
27-APR-2016,SMPL,2.45,2.40,0.0206,0.0302,0.0297,0.5674
27-APR-2016,SMSPHARMA,88.60,88.80,-0.0023,0.0231,0.0224,0.4280
27-APR-2016,SNOWMAN,61.10,63.15,-0.0330,0.0283,0.0286,0.5464
27-APR-2016,SOBHA,297.60,297.75,-0.0005,0.0370,0.0359,0.6859
27-APR-2016,SOFTTECHGR,1.85,1.85,0.0000,0.0161,0.0156,0.2980
27-APR-2016,SOLARINDS,3394.95,3366.05,0.0085,0.0145,0.0142,0.2713
27-APR-2016,SOMANYCERA,416.90,421.35,-0.0106,0.0194,0.0190,0.3630
27-APR-2016,SOMATEX,6.25,5.70,0.0921,0.0526,0.0558,1.0661
27-APR-2016,SONASTEER,51.10,48.65,0.0491,0.0334,0.0345,0.6591
27-APR-2016,SONATSOFTW,152.15,152.15,0.0000,0.0250,0.0242,0.4623
27-APR-2016,SOTL,516.30,517.00,-0.0014,0.0254,0.0246,0.4700
27-APR-2016,SOUTHBANK,18.25,18.25,0.0000,0.0153,0.0148,0.2828
27-APR-2016,SPANCO,10.50,10.50,0.0000,0.0016,0.0016,0.0306
27-APR-2016,SPARC,308.05,304.15,0.0127,0.0188,0.0185,0.3534
27-APR-2016,SPECIALITY,95.55,96.75,-0.0125,0.0232,0.0227,0.4337
27-APR-2016,SPECTACLE,1.40,1.40,0.0000,0.0049,0.0048,0.0917
27-APR-2016,SPENTEX,3.30,3.30,0.0000,0.0434,0.0421,0.8043
27-APR-2016,SPHEREGSL,54.35,54.80,-0.0082,0.0512,0.0497,0.9495
27-APR-2016,SPIC,24.70,24.85,-0.0061,0.0299,0.0290,0.5540
27-APR-2016,SPICEMOBI,14.00,14.30,-0.0212,0.0313,0.0308,0.5884
27-APR-2016,SPLIL,29.00,30.65,-0.0553,0.0603,0.0600,1.1463
27-APR-2016,SPMLINFRA,78.25,77.65,0.0077,0.0338,0.0328,0.6266
27-APR-2016,SPYL,1.35,1.35,0.0000,0.0347,0.0336,0.6419
27-APR-2016,SQSBFSI,1004.85,998.45,0.0064,0.0258,0.0251,0.4795
27-APR-2016,SREEL,119.90,114.20,0.0487,0.0161,0.0196,0.3745
27-APR-2016,SREINFRA,61.35,61.45,-0.0016,0.0312,0.0303,0.5789
27-APR-2016,SRF,1355.75,1349.05,0.0050,0.0213,0.0207,0.3955
27-APR-2016,SRGINFOTEC,0.25,0.25,0.0000,0.1238,0.1200,2.2926
27-APR-2016,SRHHYPOLTD,70.10,69.75,0.0050,0.0294,0.0285,0.5445
27-APR-2016,SRIPIPES,260.90,264.25,-0.0128,0.0241,0.0236,0.4509
27-APR-2016,SRSLTD,13.95,14.50,-0.0387,0.0391,0.0391,0.7470
27-APR-2016,SRTRANSFIN,994.40,988.40,0.0061,0.0186,0.0181,0.3458
27-APR-2016,SSWL,404.25,394.20,0.0252,0.0206,0.0209,0.3993
27-APR-2016,STAR,1103.90,1119.15,-0.0137,0.0234,0.0229,0.4375
27-APR-2016,STARPAPER,37.10,37.05,0.0013,0.0323,0.0313,0.5980
27-APR-2016,STCINDIA,105.10,105.15,-0.0005,0.0314,0.0304,0.5808
27-APR-2016,STEL,28.60,29.30,-0.0242,0.0360,0.0354,0.6763
27-APR-2016,STERLINBIO,4.05,4.15,-0.0244,0.0261,0.0260,0.4967
27-APR-2016,STERTOOLS,502.65,506.35,-0.0073,0.0219,0.0213,0.4069
27-APR-2016,STINDIA,15.00,15.00,0.0000,0.0274,0.0266,0.5082
27-APR-2016,STOREONE,59.10,61.00,-0.0316,0.0454,0.0447,0.8540
27-APR-2016,STRTECH,92.70,91.95,0.0081,0.0237,0.0231,0.4413
27-APR-2016,SUBEX,9.20,9.30,-0.0108,0.0333,0.0324,0.6190
27-APR-2016,SUBROS,88.85,90.70,-0.0206,0.0250,0.0248,0.4738
27-APR-2016,SUDAR,2.95,3.00,-0.0168,0.0366,0.0357,0.6820
27-APR-2016,SUDARSCHEM,107.60,108.65,-0.0097,0.0394,0.0383,0.7317
27-APR-2016,SUJANATWR,11.50,11.15,0.0309,0.0251,0.0255,0.4872
27-APR-2016,SUJANAUNI,1.25,1.25,0.0000,0.0475,0.0461,0.8807
27-APR-2016,SUMEETINDS,10.80,10.60,0.0187,0.0285,0.0280,0.5349
27-APR-2016,SUMMITSEC,296.35,295.10,0.0042,0.0317,0.0308,0.5884
27-APR-2016,SUNCLAYLTD,1997.10,1993.90,0.0016,0.0137,0.0133,0.2541
27-APR-2016,SUNDARAM,2.55,2.55,0.0000,0.0419,0.0406,0.7757
27-APR-2016,SUNDARMFIN,1283.85,1305.75,-0.0169,0.0153,0.0154,0.2942
27-APR-2016,SUNDRMBRAK,251.45,248.85,0.0104,0.0223,0.0218,0.4165
27-APR-2016,SUNDRMFAST,167.35,163.75,0.0217,0.0200,0.0201,0.3840
27-APR-2016,SUNFLAG,24.30,23.10,0.0506,0.0318,0.0332,0.6343
27-APR-2016,SUNILHITEC,227.65,222.00,0.0251,0.0235,0.0236,0.4509
27-APR-2016,SUNPHARMA,813.95,814.40,-0.0006,0.0143,0.0139,0.2656
27-APR-2016,SUNTECK,215.40,216.90,-0.0069,0.0287,0.0279,0.5330
27-APR-2016,SUNTV,356.45,356.65,-0.0006,0.0173,0.0168,0.3210
27-APR-2016,SUPERHOUSE,152.40,153.00,-0.0039,0.0260,0.0252,0.4814
27-APR-2016,SUPERSPIN,7.00,7.00,0.0000,0.0317,0.0307,0.5865
27-APR-2016,SUPPETRO,154.55,151.95,0.0170,0.0361,0.0352,0.6725
27-APR-2016,SUPRAJIT,139.05,138.85,0.0014,0.0218,0.0211,0.4031
27-APR-2016,SUPREMEIND,785.00,779.85,0.0066,0.0182,0.0177,0.3382
27-APR-2016,SUPREMEINF,107.55,111.15,-0.0329,0.0584,0.0572,1.0928
27-APR-2016,SUPREMETEX,3.30,3.15,0.0465,0.0365,0.0372,0.7107
27-APR-2016,SURANACORP,1.35,1.40,-0.0364,0.0265,0.0272,0.5197
27-APR-2016,SURANAIND,6.80,6.65,0.0223,0.0364,0.0357,0.6820
27-APR-2016,SURANASOL,22.65,22.90,-0.0110,0.0260,0.0254,0.4853
27-APR-2016,SURANAT&P,5.00,5.20,-0.0392,0.0267,0.0276,0.5273
27-APR-2016,SURYAJYOTI,8.45,8.10,0.0423,0.0477,0.0474,0.9056
27-APR-2016,SURYALAXMI,140.40,131.40,0.0662,0.0461,0.0476,0.9094
27-APR-2016,SURYAROSNI,155.05,156.75,-0.0109,0.0263,0.0256,0.4891
27-APR-2016,SUTLEJTEX,498.25,500.20,-0.0039,0.0177,0.0172,0.3286
27-APR-2016,SUVEN,217.90,210.80,0.0331,0.0276,0.0280,0.5349
27-APR-2016,SUZLON,14.35,14.50,-0.0104,0.0278,0.0271,0.5177
27-APR-2016,SVOGL,4.45,4.45,0.0000,0.0286,0.0277,0.5292
27-APR-2016,SWANENERGY,60.20,60.25,-0.0008,0.0049,0.0048,0.0917
27-APR-2016,SWARAJENG,1160.00,1125.10,0.0305,0.0306,0.0306,0.5846
27-APR-2016,SWELECTES,409.90,416.25,-0.0154,0.0251,0.0246,0.4700
27-APR-2016,SYMPHONY,2445.05,2473.40,-0.0115,0.0187,0.0183,0.3496
27-APR-2016,SYNCOM,6.70,6.95,-0.0366,0.0341,0.0343,0.6553
27-APR-2016,SYNDIBANK,70.15,70.45,-0.0043,0.0228,0.0221,0.4222
27-APR-2016,SYNGENE,388.55,378.45,0.0263,0.0238,0.0240,0.4585
27-APR-2016,TAINWALCHM,38.35,38.00,0.0092,0.0315,0.0306,0.5846
27-APR-2016,TAJGVK,83.10,83.95,-0.0102,0.0305,0.0297,0.5674
27-APR-2016,TAKE,136.40,137.05,-0.0048,0.0233,0.0226,0.4318
27-APR-2016,TALBROAUTO,109.00,104.90,0.0383,0.0253,0.0263,0.5025
27-APR-2016,TALWALKARS,212.25,213.60,-0.0063,0.0237,0.0230,0.4394
27-APR-2016,TANLA,38.80,38.80,0.0000,0.0290,0.0281,0.5368
27-APR-2016,TANTIACONS,18.00,17.80,0.0112,0.0319,0.0310,0.5923
27-APR-2016,TARAJEWELS,43.75,43.25,0.0115,0.0311,0.0303,0.5789
27-APR-2016,TARAPUR,5.35,5.40,-0.0093,0.0385,0.0374,0.7145
27-APR-2016,TARMAT,29.90,29.30,0.0203,0.0551,0.0537,1.0259
27-APR-2016,TATACHEM,418.20,424.00,-0.0138,0.0229,0.0225,0.4299
27-APR-2016,TATACOFFEE,94.25,92.75,0.0160,0.0155,0.0155,0.2961
27-APR-2016,TATACOMM,419.30,420.15,-0.0020,0.0165,0.0160,0.3057
27-APR-2016,TATAELXSI,2041.25,2000.80,0.0200,0.0196,0.0196,0.3745
27-APR-2016,TATAGLOBAL,122.40,121.80,0.0049,0.0150,0.0146,0.2789
27-APR-2016,TATAINVEST,501.85,504.15,-0.0046,0.0113,0.0110,0.2102
27-APR-2016,TATAMETALI,112.65,112.90,-0.0022,0.0275,0.0267,0.5101
27-APR-2016,TATAMOTORS,418.55,419.05,-0.0012,0.0238,0.0231,0.4413
27-APR-2016,TATAMTRDVR,304.30,306.50,-0.0072,0.0222,0.0216,0.4127
27-APR-2016,TATAPOWER,70.75,72.00,-0.0175,0.0212,0.0210,0.4012
27-APR-2016,TATASPONGE,546.65,543.20,0.0063,0.0313,0.0304,0.5808
27-APR-2016,TATASTEEL,356.75,358.60,-0.0052,0.0287,0.0279,0.5330
27-APR-2016,TBZ,73.70,68.65,0.0710,0.0348,0.0380,0.7260
27-APR-2016,TCI,270.20,269.85,0.0013,0.0168,0.0163,0.3114
27-APR-2016,TCIDEVELOP,353.30,360.30,-0.0196,0.0299,0.0294,0.5617
27-APR-2016,TCIFINANCE,20.35,20.00,0.0173,0.0299,0.0293,0.5598
27-APR-2016,TCS,2511.10,2489.80,0.0085,0.0146,0.0143,0.2732
27-APR-2016,TDPOWERSYS,237.60,239.05,-0.0061,0.0317,0.0308,0.5884
27-APR-2016,TEAMLEASE,960.20,937.70,0.0237,0.0216,0.0217,0.4146
27-APR-2016,TECHIN,3.30,3.15,0.0465,0.0607,0.0599,1.1444
27-APR-2016,TECHM,479.25,475.50,0.0079,0.0177,0.0173,0.3305
27-APR-2016,TECHNO,513.40,517.25,-0.0075,0.0148,0.0145,0.2770
27-APR-2016,TECHNOFAB,151.90,149.80,0.0139,0.0152,0.0151,0.2885
27-APR-2016,TEXINFRA,31.10,30.90,0.0065,0.0195,0.0190,0.3630
27-APR-2016,TEXMOPIPES,33.00,27.90,0.1679,0.0575,0.0693,1.3240
27-APR-2016,TEXRAIL,113.50,115.20,-0.0149,0.0305,0.0298,0.5693
27-APR-2016,TFCILTD,45.25,45.05,0.0044,0.0217,0.0211,0.4031
27-APR-2016,TFL,9.20,8.80,0.0445,0.0360,0.0366,0.6992
27-APR-2016,TGBHOTELS,77.00,77.35,-0.0045,0.0327,0.0317,0.6056
27-APR-2016,THANGAMAYL,212.60,210.35,0.0106,0.0387,0.0376,0.7183
27-APR-2016,THEMISMED,410.35,418.85,-0.0205,0.0378,0.0370,0.7069
27-APR-2016,THERMAX,776.55,766.30,0.0133,0.0159,0.0158,0.3019
27-APR-2016,THIRUSUGAR,60.50,61.75,-0.0205,0.0574,0.0559,1.0680
27-APR-2016,THOMASCOOK,188.30,187.80,0.0027,0.0151,0.0147,0.2808
27-APR-2016,THOMASCOTT,9.80,9.35,0.0470,0.0291,0.0305,0.5827
27-APR-2016,TI,17.40,17.65,-0.0143,0.0280,0.0274,0.5235
27-APR-2016,TIDEWATER,6285.95,6343.70,-0.0091,0.0230,0.0224,0.4280
27-APR-2016,TIIL,215.20,215.35,-0.0007,0.0204,0.0198,0.3783
27-APR-2016,TIJARIA,5.70,5.20,0.0918,0.0384,0.0435,0.8311
27-APR-2016,TIL,324.30,341.20,-0.0508,0.0474,0.0476,0.9094
27-APR-2016,TIMESGTY,19.15,20.15,-0.0509,0.0358,0.0369,0.7050
27-APR-2016,TIMETECHNO,49.50,49.40,0.0020,0.0201,0.0195,0.3725
27-APR-2016,TIMKEN,529.60,528.45,0.0022,0.0214,0.0208,0.3974
27-APR-2016,TINPLATE,75.75,75.95,-0.0026,0.0219,0.0212,0.4050
27-APR-2016,TIPSINDLTD,70.05,67.10,0.0430,0.0267,0.0279,0.5330
27-APR-2016,TIRUMALCHM,216.10,210.40,0.0267,0.0342,0.0338,0.6457
27-APR-2016,TITAN,371.50,371.85,-0.0009,0.0213,0.0207,0.3955
27-APR-2016,TNPETRO,23.45,21.55,0.0845,0.0277,0.0339,0.6477
27-APR-2016,TNPL,236.95,238.80,-0.0078,0.0208,0.0203,0.3878
27-APR-2016,TNTELE,2.85,3.00,-0.0513,0.0224,0.0251,0.4795
27-APR-2016,TODAYS,2.95,3.00,-0.0168,0.0332,0.0325,0.6209
27-APR-2016,TOKYOPLAST,49.65,49.95,-0.0060,0.0325,0.0315,0.6018
27-APR-2016,TORNTPHARM,1442.85,1430.20,0.0088,0.0200,0.0195,0.3725
27-APR-2016,TORNTPOWER,237.75,235.65,0.0089,0.0267,0.0260,0.4967
27-APR-2016,TPLPLASTEH,334.10,330.90,0.0096,0.0672,0.0652,1.2456
27-APR-2016,TREEHOUSE,81.95,82.30,-0.0043,0.0327,0.0317,0.6056
27-APR-2016,TRENT,1644.90,1658.85,-0.0084,0.0192,0.0187,0.3573
27-APR-2016,TRF,297.00,297.00,0.0000,0.0312,0.0302,0.5770
27-APR-2016,TRICOM,2.20,2.10,0.0465,0.0409,0.0413,0.7890
27-APR-2016,TRIDENT,53.85,53.80,0.0009,0.0250,0.0242,0.4623
27-APR-2016,TRIGYN,83.80,78.15,0.0698,0.0454,0.0472,0.9018
27-APR-2016,TRIL,333.05,316.05,0.0524,0.0433,0.0439,0.8387
27-APR-2016,TRITURBINE,108.30,106.95,0.0125,0.0227,0.0222,0.4241
27-APR-2016,TRIVENI,53.35,53.50,-0.0028,0.0379,0.0368,0.7031
27-APR-2016,TTKHLTCARE,970.85,979.90,-0.0093,0.0175,0.0171,0.3267
27-APR-2016,TTKPRESTIG,4533.50,4546.50,-0.0029,0.0206,0.0200,0.3821
27-APR-2016,TTL,53.20,53.45,-0.0047,0.0257,0.0249,0.4757
27-APR-2016,TTML,7.25,6.60,0.0939,0.0224,0.0316,0.6037
27-APR-2016,TUBEINVEST,406.75,405.15,0.0039,0.0177,0.0172,0.3286
27-APR-2016,TULSI,3.25,3.15,0.0313,0.0458,0.0451,0.8616
27-APR-2016,TV18BRDCST,40.00,39.75,0.0063,0.0258,0.0251,0.4795
27-APR-2016,TVSELECT,109.75,108.05,0.0156,0.0329,0.0321,0.6133
27-APR-2016,TVSMOTOR,327.85,330.20,-0.0071,0.0203,0.0198,0.3783
27-APR-2016,TVSSRICHAK,2291.25,2354.85,-0.0274,0.0198,0.0203,0.3878
27-APR-2016,TVTODAY,320.80,317.60,0.0100,0.0213,0.0208,0.3974
27-APR-2016,TWL,100.70,100.75,-0.0005,0.0353,0.0342,0.6534
27-APR-2016,UBHOLDINGS,19.95,21.30,-0.0655,0.0347,0.0373,0.7126
27-APR-2016,UBL,757.90,757.05,0.0011,0.0172,0.0167,0.3191
27-APR-2016,UCALFUEL,108.85,108.25,0.0055,0.0266,0.0258,0.4929
27-APR-2016,UCOBANK,40.00,40.25,-0.0062,0.0243,0.0236,0.4509
27-APR-2016,UFLEX,180.70,180.85,-0.0008,0.0177,0.0172,0.3286
27-APR-2016,UFO,532.40,522.50,0.0188,0.0277,0.0272,0.5197
27-APR-2016,UGARSUGAR,23.75,24.15,-0.0167,0.0564,0.0548,1.0470
27-APR-2016,UJAAS,23.75,23.95,-0.0084,0.0221,0.0215,0.4108
27-APR-2016,ULTRACEMCO,3191.80,3266.05,-0.0230,0.0182,0.0185,0.3534
27-APR-2016,UMANGDAIRY,71.45,72.80,-0.0187,0.0328,0.0321,0.6133
27-APR-2016,UMESLTD,2.35,2.30,0.0215,0.0194,0.0195,0.3725
27-APR-2016,UNICHEMLAB,249.60,238.65,0.0449,0.0205,0.0227,0.4337
27-APR-2016,UNIENTER,37.20,37.00,0.0054,0.0269,0.0261,0.4986
27-APR-2016,UNIONBANK,131.85,131.35,0.0038,0.0268,0.0260,0.4967
27-APR-2016,UNIPLY,177.30,175.75,0.0088,0.0367,0.0356,0.6801
27-APR-2016,UNITECH,4.95,5.05,-0.0200,0.0295,0.0290,0.5540
27-APR-2016,UNITEDBNK,19.95,20.10,-0.0075,0.0176,0.0172,0.3286
27-APR-2016,UNITEDTEA,496.75,501.00,-0.0085,0.0434,0.0421,0.8043
27-APR-2016,UNITY,11.50,11.55,-0.0043,0.0246,0.0239,0.4566
27-APR-2016,UNIVCABLES,82.25,84.00,-0.0211,0.0286,0.0282,0.5388
27-APR-2016,UPERGANGES,122.60,121.90,0.0057,0.0539,0.0523,0.9992
27-APR-2016,UPL,514.95,510.55,0.0086,0.0211,0.0206,0.3936
27-APR-2016,USHAMART,15.05,15.00,0.0033,0.0424,0.0411,0.7852
27-APR-2016,USHERAGRO,34.30,34.35,-0.0015,0.0359,0.0348,0.6649
27-APR-2016,UTINIFTETF,805.00,800.87,0.0051,0.0110,0.0107,0.2044
27-APR-2016,UTISENSETF,263.05,261.97,0.0041,0.0115,0.0112,0.2140
27-APR-2016,UTTAMSTL,32.90,33.70,-0.0240,0.0337,0.0332,0.6343
27-APR-2016,UTTAMSUGAR,52.30,53.10,-0.0152,0.0703,0.0683,1.3049
27-APR-2016,V2RETAIL,52.10,52.35,-0.0048,0.0386,0.0374,0.7145
27-APR-2016,VADILALIND,745.10,747.35,-0.0030,0.0387,0.0375,0.7164
27-APR-2016,VAIBHAVGBL,308.90,310.90,-0.0065,0.0179,0.0174,0.3324
27-APR-2016,VAKRANGEE,196.85,196.00,0.0043,0.0198,0.0192,0.3668
27-APR-2016,VALECHAENG,30.25,30.05,0.0066,0.0298,0.0289,0.5521
27-APR-2016,VALUEIND,14.25,14.50,-0.0174,0.0296,0.0290,0.5540
27-APR-2016,VARDHACRLC,34.30,34.35,-0.0015,0.0277,0.0269,0.5139
27-APR-2016,VARDMNPOLY,43.25,43.80,-0.0126,0.0296,0.0289,0.5521
27-APR-2016,VASCONEQ,27.25,27.00,0.0092,0.0353,0.0343,0.6553
27-APR-2016,VASWANI,8.65,8.65,0.0000,0.0412,0.0399,0.7623
27-APR-2016,VEDL,104.85,106.45,-0.0151,0.0391,0.0381,0.7279
27-APR-2016,VENKEYS,393.75,392.00,0.0045,0.0346,0.0336,0.6419
27-APR-2016,VENUSREM,91.00,90.95,0.0005,0.0230,0.0223,0.4260
27-APR-2016,VESUVIUS,751.90,774.00,-0.0290,0.0150,0.0162,0.3095
27-APR-2016,VETO,96.15,96.35,-0.0021,0.0220,0.0213,0.4069
27-APR-2016,VGUARD,964.50,982.80,-0.0188,0.0178,0.0179,0.3420
27-APR-2016,VHL,1005.05,1019.00,-0.0138,0.0287,0.0280,0.5349
27-APR-2016,VICEROY,16.65,16.70,-0.0030,0.0333,0.0323,0.6171
27-APR-2016,VIDEOIND,106.95,106.85,0.0009,0.0059,0.0057,0.1089
27-APR-2016,VIDHIDYE,67.55,66.30,0.0187,0.0320,0.0314,0.5999
27-APR-2016,VIJAYABANK,31.95,31.90,0.0016,0.0169,0.0164,0.3133
27-APR-2016,VIJSHAN,9.70,9.80,-0.0103,0.0346,0.0336,0.6419
27-APR-2016,VIKASECO,18.60,19.00,-0.0213,0.0424,0.0414,0.7909
27-APR-2016,VIMALOIL,46.85,47.10,-0.0053,0.0288,0.0280,0.5349
27-APR-2016,VIMTALABS,79.35,79.40,-0.0006,0.0309,0.0300,0.5731
27-APR-2016,VINATIORGA,460.05,452.10,0.0174,0.0181,0.0181,0.3458
27-APR-2016,VINDHYATEL,695.55,695.05,0.0007,0.0206,0.0200,0.3821
27-APR-2016,VINYLINDIA,60.10,61.85,-0.0287,0.0388,0.0383,0.7317
27-APR-2016,VIPIND,119.10,117.55,0.0131,0.0251,0.0245,0.4681
27-APR-2016,VIPULLTD,52.20,52.25,-0.0010,0.0176,0.0171,0.3267
27-APR-2016,VISAKAIND,118.80,115.30,0.0299,0.0224,0.0229,0.4375
27-APR-2016,VISASTEEL,14.85,14.80,0.0034,0.0262,0.0254,0.4853
27-APR-2016,VISESHINFO,0.10,0.05,0.6931,0.4623,0.4793,9.1570
27-APR-2016,VISHNU,297.35,302.50,-0.0172,0.0368,0.0359,0.6859
27-APR-2016,VISUINTL,0.95,0.95,0.0000,0.0433,0.0420,0.8024
27-APR-2016,VIVIDHA,8.70,9.15,-0.0504,0.0542,0.0540,1.0317
27-APR-2016,VIVIMEDLAB,89.65,87.90,0.0197,0.0204,0.0204,0.3897
27-APR-2016,VKSPL,0.05,0.10,-0.6931,0.3326,0.3644,6.9619
27-APR-2016,VLSFINANCE,39.30,39.90,-0.0152,0.0464,0.0451,0.8616
27-APR-2016,VMART,551.40,538.60,0.0235,0.0223,0.0224,0.4280
27-APR-2016,VOLTAMP,813.50,822.70,-0.0112,0.0276,0.0269,0.5139
27-APR-2016,VOLTAS,301.90,296.75,0.0172,0.0219,0.0216,0.4127
27-APR-2016,VRLLOG,421.20,408.60,0.0304,0.0243,0.0247,0.4719
27-APR-2016,VSSL,56.00,55.00,0.0180,0.0307,0.0301,0.5751
27-APR-2016,VSTIND,1659.65,1670.30,-0.0064,0.0175,0.0170,0.3248
27-APR-2016,VSTTILLERS,1800.30,1798.40,0.0011,0.0255,0.0247,0.4719
27-APR-2016,VTL,869.65,875.05,-0.0062,0.0171,0.0166,0.3171
27-APR-2016,WABAG,576.10,575.10,0.0017,0.0212,0.0206,0.3936
27-APR-2016,WABCOINDIA,5812.80,5844.80,-0.0055,0.0197,0.0191,0.3649
27-APR-2016,WALCHANNAG,149.60,150.10,-0.0033,0.0224,0.0217,0.4146
27-APR-2016,WANBURY,51.20,51.50,-0.0058,0.0313,0.0304,0.5808
27-APR-2016,WEBELSOLAR,51.00,51.90,-0.0175,0.0497,0.0484,0.9247
27-APR-2016,WEIZFOREX,184.70,190.00,-0.0283,0.0242,0.0245,0.4681
27-APR-2016,WEIZMANIND,20.50,21.50,-0.0476,0.0460,0.0461,0.8807
27-APR-2016,WELCORP,112.45,109.55,0.0261,0.0278,0.0277,0.5292
27-APR-2016,WELENT,64.15,63.90,0.0039,0.0394,0.0382,0.7298
27-APR-2016,WELINV,58.25,56.30,0.0340,0.0332,0.0333,0.6362
27-APR-2016,WELSPUNIND,100.25,100.00,0.0025,0.0321,0.0311,0.5942
27-APR-2016,WENDT,1927.50,1910.00,0.0091,0.0182,0.0178,0.3401
27-APR-2016,WHEELS,948.90,946.95,0.0021,0.0200,0.0194,0.3706
27-APR-2016,WHIRLPOOL,741.30,740.45,0.0011,0.0208,0.0202,0.3859
27-APR-2016,WILLAMAGOR,60.40,60.35,0.0008,0.0212,0.0206,0.3936
27-APR-2016,WINDMACHIN,35.80,36.10,-0.0083,0.0308,0.0299,0.5712
27-APR-2016,WINSOME,2.60,2.55,0.0194,0.0281,0.0277,0.5292
27-APR-2016,WIPRO,560.00,554.45,0.0100,0.0204,0.0199,0.3802
27-APR-2016,WOCKPHARMA,1028.85,1036.80,-0.0077,0.0259,0.0252,0.4814
27-APR-2016,WONDERLA,386.85,388.25,-0.0036,0.0141,0.0137,0.2617
27-APR-2016,WSI,8.00,8.20,-0.0247,0.0462,0.0452,0.8635
27-APR-2016,WSTCSTPAPR,76.30,77.50,-0.0156,0.0263,0.0258,0.4929
27-APR-2016,XCHANGING,54.90,55.35,-0.0082,0.0389,0.0378,0.7222
27-APR-2016,XLENERGY,2.80,2.70,0.0364,0.0345,0.0346,0.6610
27-APR-2016,XPROINDIA,44.00,43.80,0.0046,0.0215,0.0209,0.3993
27-APR-2016,YESBANK,915.50,910.70,0.0053,0.0194,0.0189,0.3611
27-APR-2016,ZANDUREALT,1420.05,1414.15,0.0042,0.0189,0.0184,0.3515
27-APR-2016,ZEEL,407.85,413.50,-0.0138,0.0174,0.0172,0.3286
27-APR-2016,ZEELEARN,29.95,30.00,-0.0017,0.0170,0.0165,0.3152
27-APR-2016,ZEEMEDIA,19.05,19.15,-0.0052,0.0194,0.0189,0.3611
27-APR-2016,ZENITHBIR,0.65,0.70,-0.0741,0.0537,0.0551,1.0527
27-APR-2016,ZENITHEXPO,44.90,44.90,0.0000,0.0234,0.0227,0.4337
27-APR-2016,ZENITHINFO,2.60,2.60,0.0000,0.0016,0.0016,0.0306
27-APR-2016,ZENSARTECH,975.20,980.70,-0.0056,0.0206,0.0200,0.3821
27-APR-2016,ZENTEC,82.85,84.80,-0.0233,0.0357,0.0351,0.6706
27-APR-2016,ZICOM,78.95,79.45,-0.0063,0.0246,0.0239,0.4566
27-APR-2016,ZODIACLOTH,227.40,225.35,0.0091,0.0197,0.0192,0.3668
27-APR-2016,ZODJRDMKJ,34.90,34.90,0.0000,0.0297,0.0288,0.5502
27-APR-2016,ZUARI,173.90,171.05,0.0165,0.0294,0.0288,0.5502
27-APR-2016,ZUARIGLOB,97.60,100.20,-0.0263,0.0211,0.0214,0.4088
27-APR-2016,ZYDUSWELL,744.15,740.30,0.0052,0.0136,0.0132,0.2522
27-APR-2016,ZYLOG,3.45,3.30,0.0445,0.0302,0.0312,0.5961
27-APR-2016,LICNETFSEN,-,-,-,-,-,-
27-APR-2016,LICNFNHGP,-,-,-,-,-,-
